                                                
 Alfa =   0.00000 Re =        0.000 Xflap,Yflap =     0.000000    0.000000
#    x        y        Cp  
   0.97627 -0.13573  0.44330
   0.96982 -0.13239  0.23875
   0.95825 -0.12644  0.14872
   0.94356 -0.11894  0.06419
   0.92652 -0.11028 -0.01139
   0.90760 -0.10073 -0.08415
   0.88712 -0.09047 -0.15717
   0.86534 -0.07965 -0.23025
   0.84247 -0.06837 -0.30470
   0.81867 -0.05673 -0.38611
   0.79412 -0.04482 -0.47064
   0.76891 -0.03269 -0.56965
   0.74319 -0.02043 -0.67646
   0.71705 -0.00808 -0.80844
   0.69059  0.00431 -0.97060
   0.66390  0.01667 -1.20703
   0.63707  0.02898 -1.49316
   0.61430  0.03930 -3.06181
   0.61153  0.04020 -3.42081
   0.60869  0.04091 -3.44548
   0.60582  0.04141 -3.32246
   0.60292  0.04172 -3.07529
   0.60000  0.04182 -2.15515
   0.59547  0.04217 -2.11341
   0.56607  0.04430 -1.59573
   0.53680  0.04627 -1.44711
   0.50774  0.04807 -1.36004
   0.47895  0.04970 -1.31828
   0.45050  0.05113 -1.29455
   0.42246  0.05236 -1.28919
   0.39488  0.05337 -1.29461
   0.36782  0.05414 -1.30453
   0.34135  0.05468 -1.32643
   0.31551  0.05497 -1.35316
   0.29035  0.05500 -1.38549
   0.26594  0.05477 -1.42422
   0.24231  0.05427 -1.46769
   0.21951  0.05350 -1.51636
   0.19760  0.05247 -1.57708
   0.17661  0.05116 -1.63863
   0.15660  0.04959 -1.71210
   0.13760  0.04776 -1.79425
   0.11965  0.04568 -1.89341
   0.10280  0.04335 -2.00084
   0.08709  0.04079 -2.13626
   0.07256  0.03800 -2.28984
   0.05924  0.03499 -2.47468
   0.04717  0.03178 -2.70280
   0.03639  0.02838 -2.98447
   0.02694  0.02480 -3.34790
   0.01885  0.02104 -3.76777
   0.01215  0.01713 -4.33085
   0.00688  0.01306 -4.92962
   0.00308  0.00885 -5.42286
   0.00078  0.00449 -5.15270
   0.00000  0.00000 -3.70056
   0.00078 -0.00449 -1.64177
   0.00308 -0.00885 -0.12016
   0.00688 -0.01306  0.64618
   0.01215 -0.01713  0.93285
   0.01885 -0.02104  0.99971
   0.02694 -0.02480  0.97493
   0.03639 -0.02838  0.91560
   0.04717 -0.03178  0.84743
   0.05924 -0.03499  0.78048
   0.07256 -0.03800  0.71771
   0.08709 -0.04079  0.66255
   0.10280 -0.04335  0.61465
   0.11965 -0.04568  0.57302
   0.13760 -0.04776  0.53791
   0.15660 -0.04959  0.50809
   0.17661 -0.05116  0.48419
   0.19760 -0.05247  0.46362
   0.21951 -0.05350  0.44964
   0.24231 -0.05427  0.43808
   0.26594 -0.05477  0.43059
   0.29035 -0.05500  0.42722
   0.31551 -0.05497  0.42639
   0.34135 -0.05468  0.42956
   0.36782 -0.05414  0.43628
   0.39488 -0.05337  0.44493
   0.42246 -0.05236  0.45867
   0.45050 -0.05113  0.47640
   0.47895 -0.04970  0.49859
   0.50774 -0.04807  0.52838
   0.53680 -0.04627  0.56983
   0.56607 -0.04430  0.61720
   0.59547 -0.04217  0.79941
   0.59586 -0.04214  0.84877
   0.60977 -0.04603  0.66968
   0.63823 -0.05384  0.59311
   0.66662 -0.06153  0.53730
   0.69485 -0.06905  0.49714
   0.72282 -0.07638  0.46417
   0.75041 -0.08353  0.43507
   0.77751 -0.09044  0.41158
   0.80398 -0.09710  0.38905
   0.82969 -0.10348  0.37077
   0.85446 -0.10955  0.35366
   0.87810 -0.11526  0.33941
   0.90038 -0.12056  0.32931
   0.92102 -0.12541  0.32100
   0.93963 -0.12972  0.31916
   0.95571 -0.13342  0.32452
   0.96840 -0.13630  0.34348
   0.97548 -0.13789  0.44330
