                                                
 Alfa =   2.86000 Re =        0.000 Xflap,Yflap =     0.000000    0.000000
#    x        y        Cp  
   0.97231 -0.06050  0.52119
   0.96874 -0.05494  0.29073
   0.96392 -0.04663 -0.14146
   0.95892 -0.03904 -0.57085
   0.95323 -0.03214 -0.77216
   0.94657 -0.02545 -0.84772
   0.93883 -0.01863 -0.85501
   0.93000 -0.01145 -0.90422
   0.91999 -0.00386 -0.95250
   0.90874  0.00420 -1.00559
   0.89623  0.01271 -1.06491
   0.88252  0.02161 -1.13461
   0.86771  0.03083 -1.20605
   0.85198  0.04028 -1.30806
   0.83549  0.04984 -1.41590
   0.81836  0.05949 -1.55958
   0.80072  0.06914 -1.76115
   0.78266  0.07875 -2.04648
   0.76427  0.08833 -2.93411
   0.76050  0.09024 -5.87830
   0.75847  0.09065 -4.44986
   0.75640  0.09078 -2.38859
   0.74005  0.09423 -2.33705
   0.71936  0.09840 -2.02039
   0.69848  0.10244 -1.92526
   0.67747  0.10633 -1.86351
   0.65633  0.11006 -1.82004
   0.63503  0.11367 -1.80712
   0.61359  0.11713 -1.78685
   0.59206  0.12049 -1.79946
   0.57043  0.12371 -1.80251
   0.54870  0.12683 -1.82733
   0.52690  0.12983 -1.85215
   0.50514  0.13272 -1.89680
   0.48350  0.13547 -1.95100
   0.46203  0.13806 -2.01485
   0.44080  0.14047 -2.08788
   0.41995  0.14268 -2.18867
   0.39952  0.14462 -2.28076
   0.37954  0.14629 -2.39566
   0.36006  0.14764 -2.50506
   0.34105  0.14867 -2.63552
   0.32245  0.14934 -2.74449
   0.30446  0.14969 -2.90779
   0.28732  0.14965 -3.08013
   0.27096  0.14916 -3.22801
   0.25513  0.14819 -3.34146
   0.23963  0.14673 -3.41991
   0.22435  0.14479 -3.48741
   0.20933  0.14237 -3.52893
   0.19458  0.13950 -3.57190
   0.18004  0.13615 -3.57518
   0.16570  0.13235 -3.59073
   0.15171  0.12814 -3.59751
   0.13813  0.12355 -3.60198
   0.12501  0.11861 -3.59675
   0.11246  0.11337 -3.59013
   0.10053  0.10789 -3.59502
   0.08927  0.10219 -3.55842
   0.07874  0.09637 -3.55241
   0.06898  0.09048 -3.54092
   0.06004  0.08458 -3.49762
   0.05190  0.07874 -3.47831
   0.04453  0.07299 -3.45818
   0.03792  0.06736 -3.41034
   0.03202  0.06190 -3.41482
   0.02680  0.05658 -3.37600
   0.02221  0.05140 -3.31288
   0.01819  0.04634 -3.19980
   0.01469  0.04142 -3.09298
   0.01165  0.03658 -2.91759
   0.00903  0.03185 -2.70652
   0.00677  0.02722 -2.51287
   0.00484  0.02272 -2.28525
   0.00322  0.01850 -2.34134
   0.00194  0.01417 -1.94456
   0.00100  0.01042 -2.09461
   0.00039  0.00571 -1.42683
   0.00009  0.00220 -1.39743
   0.00006 -0.00109 -1.10764
   0.00028 -0.00497 -0.89595
   0.00072 -0.00812 -0.75136
   0.00143 -0.01098 -0.64716
   0.00255 -0.01355 -0.52547
   0.00431 -0.01556  0.10534
   0.00647 -0.01700  0.66680
   0.00862 -0.01855  0.69743
   0.01113 -0.01957  0.88528
   0.01389 -0.02018  0.96714
   0.01688 -0.02057  0.99447
   0.02013 -0.02097  0.99998
   0.02364 -0.02141  0.99615
   0.02745 -0.02184  0.98550
   0.03161 -0.02220  0.96801
   0.03620 -0.02245  0.94959
   0.04135 -0.02257  0.92875
   0.04721 -0.02258  0.90737
   0.05394 -0.02252  0.88202
   0.06168 -0.02234  0.85747
   0.07056 -0.02200  0.82964
   0.08084 -0.02143  0.80294
   0.09275 -0.02058  0.77792
   0.10636 -0.01940  0.75168
   0.12145 -0.01786  0.72700
   0.13755 -0.01593  0.70348
   0.15447 -0.01348  0.68956
   0.17237 -0.01046  0.68272
   0.19157 -0.00684  0.68254
   0.21218 -0.00273  0.68530
   0.23377  0.00168  0.68779
   0.25573  0.00623  0.69210
   0.27766  0.01077  0.69720
   0.29940  0.01522  0.70312
   0.32093  0.01952  0.70896
   0.34231  0.02366  0.71448
   0.36359  0.02762  0.71965
   0.38475  0.03141  0.72548
   0.40575  0.03499  0.73128
   0.42665  0.03837  0.73678
   0.44749  0.04154  0.74242
   0.46824  0.04450  0.74819
   0.48890  0.04723  0.75407
   0.50945  0.04971  0.75951
   0.52995  0.05196  0.76527
   0.55040  0.05397  0.77119
   0.57079  0.05574  0.77750
   0.59109  0.05724  0.78343
   0.61129  0.05850  0.79065
   0.63138  0.05949  0.79778
   0.65134  0.06021  0.80609
   0.67117  0.06064  0.81446
   0.69087  0.06079  0.82468
   0.71042  0.06066  0.83803
   0.72982  0.06021  0.85376
   0.74902  0.05948  0.88953
   0.75345  0.05924  0.92732
   0.76330  0.05601  0.87136
   0.78098  0.04986  0.85055
   0.79830  0.04348  0.83612
   0.81523  0.03688  0.82525
   0.83168  0.03009  0.81710
   0.84757  0.02312  0.80904
   0.86282  0.01602  0.80250
   0.87735  0.00883  0.79596
   0.89108  0.00160  0.78993
   0.90392 -0.00561  0.78453
   0.91577 -0.01273  0.77973
   0.92656 -0.01975  0.77344
   0.93636 -0.02669  0.76499
   0.94526 -0.03365  0.74995
   0.95341 -0.04072  0.72378
   0.96092 -0.04795  0.69481
   0.96784 -0.05539  0.64458
   0.97231 -0.06050  0.52119
