                                                
 Alfa =   1.00000 Re =        0.000 Xflap,Yflap =     0.000000    0.000000
#    x        y        Cp  
   0.97627 -0.13573  0.44870
   0.96982 -0.13239  0.24387
   0.95825 -0.12644  0.15295
   0.94356 -0.11894  0.06727
   0.92652 -0.11028 -0.00956
   0.90760 -0.10073 -0.08382
   0.88712 -0.09047 -0.15837
   0.86534 -0.07965 -0.23323
   0.84247 -0.06837 -0.30956
   0.81867 -0.05673 -0.39310
   0.79412 -0.04482 -0.47996
   0.76891 -0.03269 -0.58164
   0.74319 -0.02043 -0.69148
   0.71705 -0.00808 -0.82708
   0.69059  0.00431 -0.99360
   0.66390  0.01667 -1.23596
   0.63707  0.02898 -1.52955
   0.61430  0.03930 -3.12710
   0.61153  0.04020 -3.49324
   0.60869  0.04091 -3.51922
   0.60582  0.04141 -3.39481
   0.60292  0.04172 -3.14465
   0.60000  0.04182 -2.20923
   0.59547  0.04217 -2.16779
   0.56607  0.04430 -1.64550
   0.53680  0.04627 -1.49796
   0.50774  0.04807 -1.41295
   0.47895  0.04970 -1.37406
   0.45050  0.05113 -1.35363
   0.42246  0.05236 -1.35212
   0.39488  0.05337 -1.36179
   0.36782  0.05414 -1.37631
   0.34135  0.05468 -1.40342
   0.31551  0.05497 -1.43585
   0.29035  0.05500 -1.47444
   0.26594  0.05477 -1.52016
   0.24231  0.05427 -1.57133
   0.21951  0.05350 -1.62854
   0.19760  0.05247 -1.69913
   0.17661  0.05116 -1.77148
   0.15660  0.04959 -1.85744
   0.13760  0.04776 -1.95388
   0.11965  0.04568 -2.06990
   0.10280  0.04335 -2.19677
   0.08709  0.04079 -2.35589
   0.07256  0.03800 -2.53788
   0.05924  0.03499 -2.75753
   0.04717  0.03178 -3.02984
   0.03639  0.02838 -3.36839
   0.02694  0.02480 -3.80745
   0.01885  0.02104 -4.32535
   0.01215  0.01713 -5.02706
   0.00688  0.01306 -5.80586
   0.00308  0.00885 -6.51526
   0.00078  0.00449 -6.38722
   0.00000  0.00000 -4.85273
   0.00078 -0.00449 -2.47047
   0.00308 -0.00885 -0.60166
   0.00688 -0.01306  0.40908
   0.01215 -0.01713  0.83561
   0.01885 -0.02104  0.98000
   0.02694 -0.02480  0.99743
   0.03639 -0.02838  0.96144
   0.04717 -0.03178  0.90561
   0.05924 -0.03499  0.84480
   0.07256 -0.03800  0.78470
   0.08709 -0.04079  0.72983
   0.10280 -0.04335  0.68084
   0.11965 -0.04568  0.63738
   0.13760 -0.04776  0.59988
   0.15660 -0.04959  0.56745
   0.17661 -0.05116  0.54072
   0.19760 -0.05247  0.51737
   0.21951 -0.05350  0.50040
   0.24231 -0.05427  0.48602
   0.26594 -0.05477  0.47571
   0.29035 -0.05500  0.46956
   0.31551 -0.05497  0.46604
   0.34135 -0.05468  0.46656
   0.36782 -0.05414  0.47067
   0.39488 -0.05337  0.47683
   0.42246 -0.05236  0.48806
   0.45050 -0.05113  0.50330
   0.47895 -0.04970  0.52300
   0.50774 -0.04807  0.55019
   0.53680 -0.04627  0.58875
   0.56607 -0.04430  0.63325
   0.59547 -0.04217  0.80746
   0.59586 -0.04214  0.85488
   0.60977 -0.04603  0.68278
   0.63823 -0.05384  0.60856
   0.66662 -0.06153  0.55402
   0.69485 -0.06905  0.51441
   0.72282 -0.07638  0.48158
   0.75041 -0.08353  0.45242
   0.77751 -0.09044  0.42860
   0.80398 -0.09710  0.40563
   0.82969 -0.10348  0.38677
   0.85446 -0.10955  0.36895
   0.87810 -0.11526  0.35393
   0.90038 -0.12056  0.34284
   0.92102 -0.12541  0.33354
   0.93963 -0.12972  0.33049
   0.95571 -0.13342  0.33449
   0.96840 -0.13630  0.35199
   0.97548 -0.13789  0.44870
