     0.976270    -0.135727
     0.969823    -0.132391
     0.958249    -0.126444
     0.943560    -0.118937
     0.926524    -0.110279
     0.907599    -0.100730
     0.887124    -0.090468
     0.865342    -0.079645
     0.842468    -0.068372
     0.818674    -0.056732
     0.794116    -0.044825
     0.768915    -0.032694
     0.743186    -0.020435
     0.717045    -0.008079
     0.690586    0.004307
     0.663895    0.016672
     0.637067    0.028980
     0.614304    0.039300
     0.611528    0.040202
     0.608695    0.040908
     0.605821    0.041415
     0.602917    0.041720
     0.600000    0.041822
     0.595470    0.042170
     0.566070    0.044300
     0.536800    0.046270
     0.507740    0.048070
     0.478950    0.049700
     0.450500    0.051130
     0.422460    0.052360
     0.394880    0.053370
     0.367820    0.054140
     0.341350    0.054680
     0.315510    0.054970
     0.290350    0.055000
     0.265940    0.054770
     0.242310    0.054270
     0.219510    0.053500
     0.197600    0.052470
     0.176610    0.051160
     0.156600    0.049590
     0.137600    0.047760
     0.119650    0.045680
     0.102800    0.043350
     0.087090    0.040790
     0.072560    0.038000
     0.059240    0.034990
     0.047170    0.031780
     0.036390    0.028380
     0.026940    0.024800
     0.018850    0.021040
     0.012150    0.017130
     0.006880    0.013060
     0.003080    0.008850
     0.000780    0.004490
     0.000000    0.000000
     0.000780    -0.004490
     0.003080    -0.008850
     0.006880    -0.013060
     0.012150    -0.017130
     0.018850    -0.021040
     0.026940    -0.024800
     0.036390    -0.028380
     0.047170    -0.031780
     0.059240    -0.034990
     0.072560    -0.038000
     0.087090    -0.040790
     0.102800    -0.043350
     0.119650    -0.045680
     0.137600    -0.047760
     0.156600    -0.049590
     0.176610    -0.051160
     0.197600    -0.052470
     0.219510    -0.053500
     0.242310    -0.054270
     0.265940    -0.054770
     0.290350    -0.055000
     0.315510    -0.054970
     0.341350    -0.054680
     0.367820    -0.054140
     0.394880    -0.053370
     0.422460    -0.052360
     0.450500    -0.051130
     0.478950    -0.049700
     0.507740    -0.048070
     0.536800    -0.046270
     0.566070    -0.044300
     0.595470    -0.042170
     0.595859    -0.042140
     0.609767    -0.046026
     0.638230    -0.053843
     0.666624    -0.061527
     0.694855    -0.069046
     0.722822    -0.076384
     0.750412    -0.083531
     0.777514    -0.090437
     0.803981    -0.097102
     0.829690    -0.103479
     0.854459    -0.109546
     0.878101    -0.115257
     0.900382    -0.120557
     0.921018    -0.125408
     0.939634    -0.129725
     0.955711    -0.133416
     0.968400    -0.136300
     0.975484    -0.137889
