xflr5 v6.10.03

 Calculated polar for: NACA 0011

 1 1 Reynolds number fixed          Mach number fixed         

 xtrf =   0.500 (top)        0.500 (bottom)
 Mach =   0.080     Re =     0.770 e 6     Ncrit =   9.000

  alpha     CL        CD       CDp       Cm    Top Xtr Bot Xtr   Cpmin    Chinge    XCp    
 ------- -------- --------- --------- -------- ------- ------- -------- --------- ---------
  -5.000  -0.5580   0.01032   0.00295  -0.0009  0.5000  0.1253  -2.1067   0.0000   0.2429
  -4.000  -0.4512   0.00907   0.00218  -0.0002  0.5000  0.2395  -1.5554   0.0000   0.2447
  -3.000  -0.3427   0.00805   0.00165   0.0003  0.5000  0.3755  -1.1183   0.0000   0.2467
  -2.000  -0.2323   0.00732   0.00135   0.0008  0.5000  0.5000  -0.7801   0.0000   0.2494
  -1.000  -0.1162   0.00725   0.00117   0.0004  0.5000  0.5000  -0.5377   0.0000   0.2497
   0.000   0.0000   0.00723   0.00112  -0.0000  0.5000  0.5000  -0.3814   0.0000   1.5776
   1.000   0.1162   0.00725   0.00117  -0.0004  0.5000  0.5000  -0.5377   0.0000   0.2497
   2.000   0.2323   0.00732   0.00135  -0.0008  0.5000  0.5000  -0.7801   0.0000   0.2494
   3.000   0.3427   0.00805   0.00165  -0.0003  0.3755  0.5000  -1.1183   0.0000   0.2467
   4.000   0.4512   0.00907   0.00218   0.0002  0.2394  0.5000  -1.5555   0.0000   0.2447
   5.000   0.5580   0.01032   0.00295   0.0009  0.1253  0.5000  -2.1068   0.0000   0.2429
   6.000   0.6643   0.01159   0.00398   0.0018  0.0647  0.5000  -2.7380   0.0000   0.2411
   7.000   0.7696   0.01290   0.00525   0.0029  0.0407  0.5000  -3.5067   0.0000   0.2392
   8.000   0.8718   0.01447   0.00694   0.0045  0.0291  0.5000  -4.3200   0.0000   0.2368
   9.000   0.9700   0.01636   0.00908   0.0065  0.0234  0.5000  -5.1432   0.0000   0.2341
  10.000   1.0534   0.01974   0.01280   0.0104  0.0187  0.5000  -5.9393   0.0000   0.2298
  11.000   1.1451   0.02156   0.01489   0.0129  0.0161  0.5000  -7.0500   0.0000   0.2270
  12.000   1.2152   0.02504   0.01872   0.0177  0.0141  0.5000  -8.0532   0.0000   0.2222
  13.000   1.2351   0.03124   0.02546   0.0270  0.0130  0.5000  -8.7061   0.0000   0.2134
  14.000   1.1978   0.04488   0.03991   0.0297  0.0125  0.5000  -8.8306   0.0000   0.2086
  15.000   1.1271   0.06989   0.06565   0.0159  0.0123  0.5000  -8.5046   0.0000   0.2171
  16.000   1.0456   0.10190   0.09814  -0.0033  0.0125  0.5000  -7.8852   0.0000   0.2325


