xflr5 v6.10.03

 Calculated polar for: NACA 0011

 1 1 Reynolds number fixed          Mach number fixed         

 xtrf =   0.500 (top)        0.500 (bottom)
 Mach =   0.080     Re =     0.650 e 6     Ncrit =   9.000

  alpha     CL        CD       CDp       Cm    Top Xtr Bot Xtr   Cpmin    Chinge    XCp    
 ------- -------- --------- --------- -------- ------- ------- -------- --------- ---------
  -5.000  -0.5570   0.01067   0.00312  -0.0012  0.5000  0.1366  -2.1009   0.0000   0.2425
  -4.000  -0.4510   0.00934   0.00231  -0.0003  0.5000  0.2608  -1.5529   0.0000   0.2444
  -3.000  -0.3431   0.00829   0.00176   0.0003  0.5000  0.4026  -1.1180   0.0000   0.2467
  -2.000  -0.2319   0.00769   0.00145   0.0007  0.5000  0.5000  -0.7793   0.0000   0.2491
  -1.000  -0.1160   0.00762   0.00125   0.0004  0.5000  0.5000  -0.5376   0.0000   0.2494
   0.000   0.0000   0.00760   0.00120  -0.0000  0.5000  0.5000  -0.3816   0.0000   1.3566
   1.000   0.1160   0.00762   0.00125  -0.0004  0.5000  0.5000  -0.5376   0.0000   0.2494
   2.000   0.2319   0.00769   0.00145  -0.0007  0.5000  0.5000  -0.7793   0.0000   0.2491
   3.000   0.3431   0.00829   0.00176  -0.0003  0.4026  0.5000  -1.1180   0.0000   0.2467
   4.000   0.4510   0.00934   0.00231   0.0003  0.2608  0.5000  -1.5530   0.0000   0.2444
   5.000   0.5571   0.01067   0.00312   0.0012  0.1365  0.5000  -2.1010   0.0000   0.2425
   6.000   0.6625   0.01204   0.00424   0.0022  0.0693  0.5000  -2.7244   0.0000   0.2406
   7.000   0.7666   0.01350   0.00568   0.0035  0.0437  0.5000  -3.4791   0.0000   0.2384
   8.000   0.8680   0.01514   0.00745   0.0051  0.0316  0.5000  -4.2820   0.0000   0.2361
   9.000   0.9619   0.01755   0.01011   0.0078  0.0249  0.5000  -5.0593   0.0000   0.2328
  10.000   1.0526   0.01995   0.01278   0.0106  0.0209  0.5000  -5.9284   0.0000   0.2296
  11.000   1.1273   0.02375   0.01702   0.0151  0.0173  0.5000  -6.8578   0.0000   0.2249
  12.000   1.1870   0.02809   0.02187   0.0209  0.0155  0.5000  -7.7378   0.0000   0.2193
  13.000   1.2095   0.03398   0.02827   0.0289  0.0145  0.5000  -8.4159   0.0000   0.2114
  14.000   1.2030   0.04450   0.03938   0.0302  0.0139  0.5000  -8.8470   0.0000   0.2083
  15.000   1.1559   0.06519   0.06072   0.0194  0.0137  0.5000  -8.7927   0.0000   0.2144


