xflr5 v6.10.03

 Calculated polar for: NACA 0011

 1 1 Reynolds number fixed          Mach number fixed         

 xtrf =   0.500 (top)        0.500 (bottom)
 Mach =   0.080     Re =     0.150 e 6     Ncrit =   9.000

  alpha     CL        CD       CDp       Cm    Top Xtr Bot Xtr   Cpmin    Chinge    XCp    
 ------- -------- --------- --------- -------- ------- ------- -------- --------- ---------
  -5.000  -0.5504   0.01505   0.00583  -0.0038  0.5000  0.2953  -2.0313   0.0000   0.2377
  -4.000  -0.4544   0.01330   0.00477  -0.0006  0.5000  0.4838  -1.5247   0.0000   0.2440
  -3.000  -0.3416   0.01260   0.00359  -0.0002  0.5000  0.5000  -1.0994   0.0000   0.2450
  -2.000  -0.2278   0.01230   0.00293  -0.0001  0.5000  0.5000  -0.7698   0.0000   0.2454
  -1.000  -0.1139   0.01215   0.00253  -0.0001  0.5000  0.5000  -0.5358   0.0000   0.2457
   0.000  -0.0000   0.01210   0.00242  -0.0000  0.5000  0.5000  -0.3831   0.0000   0.1196
   1.000   0.1139   0.01215   0.00253   0.0001  0.5000  0.5000  -0.5358   0.0000   0.2457
   2.000   0.2278   0.01230   0.00293   0.0001  0.5000  0.5000  -0.7698   0.0000   0.2454
   3.000   0.3416   0.01260   0.00359   0.0002  0.5000  0.5000  -1.0994   0.0000   0.2450
   4.000   0.4544   0.01330   0.00477   0.0006  0.4838  0.5000  -1.5248   0.0000   0.2440
   5.000   0.5504   0.01505   0.00583   0.0038  0.2953  0.5000  -2.0313   0.0000   0.2378
   6.000   0.6413   0.01818   0.00821   0.0069  0.1407  0.5000  -2.5342   0.0000   0.2331
   7.000   0.7331   0.02208   0.01193   0.0100  0.0886  0.5000  -3.1316   0.0000   0.2293
   8.000   0.8269   0.02692   0.01720   0.0128  0.0660  0.5000  -3.7108   0.0000   0.2266
   9.000   0.9096   0.03385   0.02493   0.0164  0.0538  0.5000  -4.1819   0.0000   0.2231
  10.000   0.9609   0.04513   0.03716   0.0211  0.0471  0.5000  -4.5544   0.0000   0.2182
  11.000   0.9328   0.05899   0.05252   0.0295  0.0461  0.5000  -4.5217   0.0000   0.2075
  12.000   0.7252   0.11246   0.10684  -0.0026  0.0578  0.5000  -2.7759   0.0000   0.2419
  13.000   0.6669   0.15042   0.14468  -0.0226  0.0823  0.5000  -1.8417   0.0000   0.2722
  14.000   0.6949   0.16475   0.15905  -0.0250  0.0741  0.5000  -1.9973   0.0000   0.2732
  15.000   0.6914   0.18295   0.17718  -0.0361  0.0684  0.5000  -1.7807   0.0000   0.2885
  16.000   0.7374   0.19965   0.19396  -0.0350  0.0591  0.5000  -2.0865   0.0000   0.2826
  17.000   0.7357   0.21267   0.20692  -0.0500  0.0517  0.5000  -1.7256   0.0000   0.3018


