xflr5 v6.10.03

 Calculated polar for: NACA 0011

 1 1 Reynolds number fixed          Mach number fixed         

 xtrf =   0.500 (top)        0.500 (bottom)
 Mach =   0.000     Re =     0.530 e 6     Ncrit =   9.000

  alpha     CL        CD       CDp       Cm    Top Xtr Bot Xtr   Cpmin    Chinge    XCp    
 ------- -------- --------- --------- -------- ------- ------- -------- --------- ---------
  -5.000  -0.5540   0.01107   0.00330  -0.0013  0.5000  0.1553  -2.0819   0.0000   0.2422
  -4.000  -0.4491   0.00969   0.00246  -0.0004  0.5000  0.2899  -1.5414   0.0000   0.2442
  -3.000  -0.3425   0.00860   0.00191   0.0004  0.5000  0.4386  -1.1125   0.0000   0.2469
  -2.000  -0.2306   0.00816   0.00157   0.0006  0.5000  0.5000  -0.7749   0.0000   0.2487
  -1.000  -0.1153   0.00809   0.00136   0.0003  0.5000  0.5000  -0.5352   0.0000   0.2490
   0.000   0.0000   0.00807   0.00130  -0.0000  0.5000  0.5000  -0.3803   0.0000   0.4565
   1.000   0.1153   0.00809   0.00136  -0.0003  0.5000  0.5000  -0.5352   0.0000   0.2490
   2.000   0.2306   0.00816   0.00157  -0.0006  0.5000  0.5000  -0.7749   0.0000   0.2487
   3.000   0.3425   0.00860   0.00191  -0.0004  0.4386  0.5000  -1.1125   0.0000   0.2469
   4.000   0.4491   0.00969   0.00246   0.0004  0.2899  0.5000  -1.5414   0.0000   0.2442
   5.000   0.5540   0.01107   0.00330   0.0013  0.1552  0.5000  -2.0820   0.0000   0.2422
   6.000   0.6577   0.01259   0.00451   0.0024  0.0766  0.5000  -2.6899   0.0000   0.2402
   7.000   0.7588   0.01439   0.00627   0.0040  0.0469  0.5000  -3.4119   0.0000   0.2377
   8.000   0.8580   0.01621   0.00827   0.0058  0.0346  0.5000  -4.1819   0.0000   0.2352
   9.000   0.9464   0.01924   0.01156   0.0090  0.0267  0.5000  -4.8962   0.0000   0.2314
  10.000   1.0360   0.02172   0.01441   0.0118  0.0233  0.5000  -5.7227   0.0000   0.2283
  11.000   1.0988   0.02714   0.02030   0.0171  0.0187  0.5000  -6.5076   0.0000   0.2228
  12.000   1.1545   0.03143   0.02514   0.0230  0.0174  0.5000  -7.3299   0.0000   0.2171
  13.000   1.1613   0.03923   0.03363   0.0304  0.0165  0.5000  -7.8097   0.0000   0.2093
  14.000   1.1284   0.05404   0.04917   0.0279  0.0160  0.5000  -7.9251   0.0000   0.2088
  15.000   1.0265   0.08737   0.08329   0.0065  0.0163  0.5000  -7.1847   0.0000   0.2251
  17.000   0.7493   0.20300   0.19919  -0.0472  0.0188  0.5000  -2.2417   0.0000   0.2959


