xflr5 v6.10.03

 Calculated polar for: NACA 0011

 1 1 Reynolds number fixed          Mach number fixed         

 xtrf =   0.500 (top)        0.500 (bottom)
 Mach =   0.000     Re =     0.250 e 6     Ncrit =   9.000

  alpha     CL        CD       CDp       Cm    Top Xtr Bot Xtr   Cpmin    Chinge    XCp    
 ------- -------- --------- --------- -------- ------- ------- -------- --------- ---------
  -5.000  -0.5500   0.01300   0.00443  -0.0027  0.5000  0.2353  -2.0491   0.0000   0.2397
  -4.000  -0.4497   0.01139   0.00346  -0.0009  0.5000  0.4061  -1.5269   0.0000   0.2433
  -3.000  -0.3425   0.01055   0.00274   0.0003  0.5000  0.5000  -1.1048   0.0000   0.2465
  -2.000  -0.2284   0.01033   0.00222   0.0002  0.5000  0.5000  -0.7704   0.0000   0.2469
  -1.000  -0.1143   0.01021   0.00191   0.0001  0.5000  0.5000  -0.5344   0.0000   0.2472
   0.000  -0.0000   0.01017   0.00183   0.0000  0.5000  0.5000  -0.3810   0.0000   0.4270
   1.000   0.1143   0.01021   0.00191  -0.0001  0.5000  0.5000  -0.5344   0.0000   0.2472
   2.000   0.2285   0.01033   0.00222  -0.0002  0.5000  0.5000  -0.7704   0.0000   0.2469
   3.000   0.3425   0.01055   0.00274  -0.0003  0.5000  0.5000  -1.1048   0.0000   0.2465
   4.000   0.4497   0.01139   0.00346   0.0009  0.4061  0.5000  -1.5269   0.0000   0.2433
   5.000   0.5500   0.01300   0.00443   0.0027  0.2353  0.5000  -2.0491   0.0000   0.2397
   6.000   0.6471   0.01531   0.00622   0.0046  0.1096  0.5000  -2.6027   0.0000   0.2366
   7.000   0.7418   0.01797   0.00882   0.0072  0.0672  0.5000  -3.2578   0.0000   0.2333
   8.000   0.8330   0.02125   0.01229   0.0101  0.0502  0.5000  -3.9120   0.0000   0.2299
   9.000   0.9208   0.02517   0.01655   0.0132  0.0394  0.5000  -4.5528   0.0000   0.2267
  10.000   0.9948   0.03203   0.02422   0.0173  0.0341  0.5000  -5.1119   0.0000   0.2225
  11.000   1.0416   0.04023   0.03342   0.0233  0.0303  0.5000  -5.6263   0.0000   0.2164
  12.000   1.0202   0.05172   0.04587   0.0315  0.0292  0.5000  -5.7593   0.0000   0.2065
  13.000   0.2269   0.00787   0.00399   0.0561  0.0502  0.5000  -1.9557   0.0000   0.0067
  14.000   0.1820   0.03274   0.02883   0.0322  0.0722  0.5000  -0.7949   0.0000   0.0849
  15.000   0.2094   0.04072   0.03682   0.0269  0.0600  0.5000  -0.7938   0.0000   0.1310
  16.000   0.2205   0.05186   0.04793   0.0179  0.0535  0.5000  -0.6301   0.0000   0.1782
  17.000   0.2737   0.06510   0.06121   0.0156  0.0472  0.5000  -0.8937   0.0000   0.1977


