xflr5 v6.10.03

 Calculated polar for: NACA 0011

 1 1 Reynolds number fixed          Mach number fixed         

 xtrf =   0.500 (top)        0.500 (bottom)
 Mach =   0.080     Re =     0.190 e 6     Ncrit =   9.000

  alpha     CL        CD       CDp       Cm    Top Xtr Bot Xtr   Cpmin    Chinge    XCp    
 ------- -------- --------- --------- -------- ------- ------- -------- --------- ---------
  -5.000  -0.5501   0.01404   0.00512  -0.0035  0.5000  0.2645  -2.0436   0.0000   0.2383
  -4.000  -0.4522   0.01233   0.00409  -0.0010  0.5000  0.4463  -1.5278   0.0000   0.2431
  -3.000  -0.3425   0.01159   0.00316  -0.0001  0.5000  0.5000  -1.1042   0.0000   0.2456
  -2.000  -0.2284   0.01132   0.00257  -0.0000  0.5000  0.5000  -0.7715   0.0000   0.2460
  -1.000  -0.1142   0.01118   0.00221   0.0000  0.5000  0.5000  -0.5361   0.0000   0.2463
   0.000  -0.0000   0.01114   0.00211  -0.0000  0.5000  0.5000  -0.3828   0.0000   0.1527
   1.000   0.1142   0.01118   0.00221  -0.0000  0.5000  0.5000  -0.5361   0.0000   0.2463
   2.000   0.2284   0.01132   0.00257   0.0000  0.5000  0.5000  -0.7715   0.0000   0.2460
   3.000   0.3425   0.01159   0.00316   0.0001  0.5000  0.5000  -1.1042   0.0000   0.2456
   4.000   0.4522   0.01233   0.00409   0.0010  0.4464  0.5000  -1.5278   0.0000   0.2431
   5.000   0.5502   0.01404   0.00512   0.0035  0.2645  0.5000  -2.0437   0.0000   0.2383
   6.000   0.6442   0.01676   0.00721   0.0060  0.1233  0.5000  -2.5734   0.0000   0.2345
   7.000   0.7372   0.01992   0.01031   0.0090  0.0769  0.5000  -3.2018   0.0000   0.2308
   8.000   0.8281   0.02460   0.01520   0.0120  0.0578  0.5000  -3.8031   0.0000   0.2275
   9.000   0.9143   0.03005   0.02119   0.0152  0.0459  0.5000  -4.3712   0.0000   0.2244
  10.000   0.9822   0.03731   0.02953   0.0200  0.0400  0.5000  -4.8663   0.0000   0.2196
  11.000   0.9985   0.04980   0.04303   0.0265  0.0369  0.5000  -5.1546   0.0000   0.2123
  12.000   0.9317   0.06544   0.05969   0.0304  0.0371  0.5000  -4.9522   0.0000   0.2047
  13.000   0.1534   0.02683   0.02254   0.0361  0.1022  0.5000  -0.7218   0.0000   0.0301
  14.000   0.1847   0.03517   0.03090   0.0316  0.0868  0.5000  -0.7485   0.0000   0.0909
  15.000   0.2136   0.04356   0.03929   0.0266  0.0731  0.5000  -0.7547   0.0000   0.1349
  17.000   0.2746   0.06758   0.06331   0.0151  0.0591  0.5000  -0.8244   0.0000   0.1998


