xflr5 v6.10.03

 Calculated polar for: NACA 0011

 1 1 Reynolds number fixed          Mach number fixed         

 xtrf =   0.500 (top)        0.500 (bottom)
 Mach =   0.080     Re =     0.750 e 6     Ncrit =   9.000

  alpha     CL        CD       CDp       Cm    Top Xtr Bot Xtr   Cpmin    Chinge    XCp    
 ------- -------- --------- --------- -------- ------- ------- -------- --------- ---------
  -5.000  -0.5579   0.01036   0.00297  -0.0010  0.5000  0.1273  -2.1060   0.0000   0.2428
  -4.000  -0.4511   0.00912   0.00220  -0.0002  0.5000  0.2420  -1.5549   0.0000   0.2446
  -3.000  -0.3428   0.00808   0.00167   0.0003  0.5000  0.3801  -1.1184   0.0000   0.2467
  -2.000  -0.2323   0.00737   0.00136   0.0008  0.5000  0.5000  -0.7800   0.0000   0.2494
  -1.000  -0.1162   0.00731   0.00118   0.0004  0.5000  0.5000  -0.5377   0.0000   0.2497
   0.000   0.0000   0.00729   0.00113  -0.0000  0.5000  0.5000  -0.3814   0.0000   1.5145
   1.000   0.1162   0.00731   0.00118  -0.0004  0.5000  0.5000  -0.5377   0.0000   0.2497
   2.000   0.2323   0.00737   0.00136  -0.0008  0.5000  0.5000  -0.7800   0.0000   0.2494
   3.000   0.3428   0.00808   0.00167  -0.0003  0.3801  0.5000  -1.1184   0.0000   0.2467
   4.000   0.4511   0.00912   0.00220   0.0002  0.2420  0.5000  -1.5549   0.0000   0.2447
   5.000   0.5579   0.01036   0.00297   0.0010  0.1273  0.5000  -2.1061   0.0000   0.2428
   6.000   0.6640   0.01166   0.00402   0.0019  0.0654  0.5000  -2.7361   0.0000   0.2410
   7.000   0.7692   0.01298   0.00531   0.0030  0.0412  0.5000  -3.5031   0.0000   0.2391
   8.000   0.8714   0.01454   0.00698   0.0045  0.0296  0.5000  -4.3168   0.0000   0.2368
   9.000   0.9688   0.01653   0.00923   0.0067  0.0236  0.5000  -5.1306   0.0000   0.2339
  10.000   1.0510   0.02007   0.01312   0.0107  0.0188  0.5000  -5.9138   0.0000   0.2295
  11.000   1.1425   0.02187   0.01520   0.0132  0.0163  0.5000  -7.0214   0.0000   0.2267
  12.000   1.2116   0.02541   0.01910   0.0181  0.0144  0.5000  -8.0134   0.0000   0.2219
  13.000   1.2360   0.03118   0.02537   0.0270  0.0133  0.5000  -8.7133   0.0000   0.2134
  14.000   1.2077   0.04368   0.03862   0.0300  0.0127  0.5000  -8.9304   0.0000   0.2085
  15.000   1.1417   0.06744   0.06311   0.0175  0.0125  0.5000  -8.6666   0.0000   0.2159
  16.000   1.0581   0.09937   0.09555  -0.0017  0.0126  0.5000  -8.0402   0.0000   0.2309


