xflr5 v6.10.03

 Calculated polar for: NACA 0011

 1 1 Reynolds number fixed          Mach number fixed         

 xtrf =   0.500 (top)        0.500 (bottom)
 Mach =   0.000     Re =     0.650 e 6     Ncrit =   9.000

  alpha     CL        CD       CDp       Cm    Top Xtr Bot Xtr   Cpmin    Chinge    XCp    
 ------- -------- --------- --------- -------- ------- ------- -------- --------- ---------
  -5.000  -0.5550   0.01064   0.00309  -0.0010  0.5000  0.1392  -2.0889   0.0000   0.2427
  -4.000  -0.4494   0.00932   0.00229  -0.0003  0.5000  0.2637  -1.5451   0.0000   0.2446
  -3.000  -0.3419   0.00827   0.00175   0.0004  0.5000  0.4058  -1.1130   0.0000   0.2468
  -2.000  -0.2310   0.00768   0.00144   0.0007  0.5000  0.5000  -0.7759   0.0000   0.2492
  -1.000  -0.1156   0.00762   0.00124   0.0004  0.5000  0.5000  -0.5354   0.0000   0.2494
   0.000   0.0000   0.00759   0.00120  -0.0000  0.5000  0.5000  -0.3801   0.0000   0.4535
   1.000   0.1156   0.00762   0.00124  -0.0004  0.5000  0.5000  -0.5354   0.0000   0.2494
   2.000   0.2310   0.00768   0.00144  -0.0007  0.5000  0.5000  -0.7759   0.0000   0.2492
   3.000   0.3419   0.00827   0.00175  -0.0004  0.4058  0.5000  -1.1130   0.0000   0.2468
   4.000   0.4494   0.00932   0.00229   0.0003  0.2637  0.5000  -1.5451   0.0000   0.2446
   5.000   0.5551   0.01064   0.00309   0.0010  0.1392  0.5000  -2.0890   0.0000   0.2427
   6.000   0.6600   0.01200   0.00419   0.0020  0.0705  0.5000  -2.7070   0.0000   0.2408
   7.000   0.7637   0.01344   0.00560   0.0032  0.0444  0.5000  -3.4539   0.0000   0.2388
   8.000   0.8649   0.01504   0.00733   0.0047  0.0321  0.5000  -4.2483   0.0000   0.2365
   9.000   0.9587   0.01738   0.00990   0.0072  0.0252  0.5000  -5.0195   0.0000   0.2334
  10.000   1.0501   0.01963   0.01242   0.0098  0.0212  0.5000  -5.8842   0.0000   0.2304
  11.000   1.1258   0.02329   0.01650   0.0140  0.0175  0.5000  -6.8084   0.0000   0.2259
  12.000   1.1897   0.02728   0.02094   0.0193  0.0156  0.5000  -7.7098   0.0000   0.2208
  13.000   1.2192   0.03258   0.02672   0.0271  0.0146  0.5000  -8.4324   0.0000   0.2131
  14.000   1.2203   0.04162   0.03632   0.0303  0.0139  0.5000  -8.9360   0.0000   0.2087
  15.000   1.1846   0.05936   0.05468   0.0226  0.0136  0.5000  -9.0245   0.0000   0.2123
  16.000   1.0894   0.09192   0.08792   0.0030  0.0137  0.5000  -8.3239   0.0000   0.2266


