xflr5 v6.10.03

 Calculated polar for: NACA 0011

 1 1 Reynolds number fixed          Mach number fixed         

 xtrf =   0.500 (top)        0.500 (bottom)
 Mach =   0.000     Re =     0.630 e 6     Ncrit =   9.000

  alpha     CL        CD       CDp       Cm    Top Xtr Bot Xtr   Cpmin    Chinge    XCp    
 ------- -------- --------- --------- -------- ------- ------- -------- --------- ---------
  -5.000  -0.5549   0.01069   0.00311  -0.0011  0.5000  0.1419  -2.0881   0.0000   0.2426
  -4.000  -0.4493   0.00938   0.00231  -0.0003  0.5000  0.2670  -1.5444   0.0000   0.2445
  -3.000  -0.3420   0.00832   0.00177   0.0004  0.5000  0.4111  -1.1130   0.0000   0.2468
  -2.000  -0.2310   0.00775   0.00146   0.0007  0.5000  0.5000  -0.7758   0.0000   0.2491
  -1.000  -0.1155   0.00768   0.00126   0.0004  0.5000  0.5000  -0.5354   0.0000   0.2494
   0.000   0.0000   0.00766   0.00120  -0.0000  0.5000  0.5000  -0.3801   0.0000   0.4566
   1.000   0.1155   0.00768   0.00126  -0.0004  0.5000  0.5000  -0.5354   0.0000   0.2494
   2.000   0.2310   0.00775   0.00146  -0.0007  0.5000  0.5000  -0.7758   0.0000   0.2491
   3.000   0.3420   0.00832   0.00177  -0.0004  0.4111  0.5000  -1.1130   0.0000   0.2468
   4.000   0.4493   0.00938   0.00231   0.0003  0.2670  0.5000  -1.5445   0.0000   0.2445
   5.000   0.5550   0.01069   0.00311   0.0011  0.1419  0.5000  -2.0882   0.0000   0.2426
   6.000   0.6596   0.01210   0.00424   0.0020  0.0711  0.5000  -2.7041   0.0000   0.2407
   7.000   0.7631   0.01357   0.00569   0.0033  0.0448  0.5000  -3.4481   0.0000   0.2386
   8.000   0.8639   0.01520   0.00747   0.0049  0.0325  0.5000  -4.2387   0.0000   0.2364
   9.000   0.9571   0.01762   0.01012   0.0074  0.0255  0.5000  -5.0030   0.0000   0.2331
  10.000   1.0484   0.01988   0.01265   0.0100  0.0216  0.5000  -5.8645   0.0000   0.2301
  11.000   1.1222   0.02376   0.01696   0.0145  0.0178  0.5000  -6.7698   0.0000   0.2255
  12.000   1.1845   0.02789   0.02157   0.0198  0.0158  0.5000  -7.6522   0.0000   0.2202
  13.000   1.2104   0.03353   0.02772   0.0278  0.0148  0.5000  -8.3362   0.0000   0.2124
  14.000   1.2088   0.04306   0.03782   0.0303  0.0142  0.5000  -8.8068   0.0000   0.2085
  15.000   1.1709   0.06150   0.05689   0.0216  0.0139  0.5000  -8.8633   0.0000   0.2129
  16.000   1.0314   0.10378   0.09998  -0.0040  0.0144  0.5000  -7.5851   0.0000   0.2334
  17.000   0.7480   0.20393   0.20030  -0.0480  0.0187  0.5000  -2.1477   0.0000   0.2973


