xflr5 v6.10.03

 Calculated polar for: NACA 0011

 1 1 Reynolds number fixed          Mach number fixed         

 xtrf =   0.500 (top)        0.500 (bottom)
 Mach =   0.000     Re =     0.790 e 6     Ncrit =   9.000

  alpha     CL        CD       CDp       Cm    Top Xtr Bot Xtr   Cpmin    Chinge    XCp    
 ------- -------- --------- --------- -------- ------- ------- -------- --------- ---------
  -5.000  -0.5562   0.01023   0.00290  -0.0008  0.5000  0.1262  -2.0955   0.0000   0.2432
  -4.000  -0.4496   0.00900   0.00215  -0.0001  0.5000  0.2393  -1.5480   0.0000   0.2449
  -3.000  -0.3414   0.00799   0.00162   0.0004  0.5000  0.3742  -1.1133   0.0000   0.2469
  -2.000  -0.2315   0.00726   0.00133   0.0008  0.5000  0.5000  -0.7768   0.0000   0.2496
  -1.000  -0.1158   0.00720   0.00115   0.0004  0.5000  0.5000  -0.5356   0.0000   0.2498
   0.000   0.0000   0.00718   0.00111  -0.0000  0.5000  0.5000  -0.3800   0.0000   0.4561
   1.000   0.1158   0.00720   0.00115  -0.0004  0.5000  0.5000  -0.5356   0.0000   0.2498
   2.000   0.2315   0.00726   0.00133  -0.0008  0.5000  0.5000  -0.7768   0.0000   0.2496
   3.000   0.3414   0.00799   0.00162  -0.0004  0.3741  0.5000  -1.1133   0.0000   0.2469
   4.000   0.4496   0.00900   0.00215   0.0001  0.2393  0.5000  -1.5481   0.0000   0.2449
   5.000   0.5562   0.01023   0.00290   0.0008  0.1262  0.5000  -2.0956   0.0000   0.2432
   6.000   0.6621   0.01148   0.00390   0.0016  0.0654  0.5000  -2.7224   0.0000   0.2414
   7.000   0.7671   0.01275   0.00512   0.0026  0.0411  0.5000  -3.4848   0.0000   0.2396
   8.000   0.8693   0.01425   0.00672   0.0040  0.0293  0.5000  -4.2926   0.0000   0.2374
   9.000   0.9676   0.01605   0.00876   0.0059  0.0234  0.5000  -5.1110   0.0000   0.2348
  10.000   1.0519   0.01929   0.01232   0.0094  0.0187  0.5000  -5.9044   0.0000   0.2307
  11.000   1.1452   0.02089   0.01415   0.0115  0.0162  0.5000  -7.0171   0.0000   0.2283
  12.000   1.2187   0.02408   0.01765   0.0158  0.0141  0.5000  -8.0334   0.0000   0.2239
  13.000   1.2408   0.03025   0.02439   0.0253  0.0128  0.5000  -8.6776   0.0000   0.2150
  14.000   1.2001   0.04376   0.03875   0.0297  0.0123  0.5000  -8.7656   0.0000   0.2088
  15.000   1.1270   0.06852   0.06428   0.0166  0.0122  0.5000  -8.4302   0.0000   0.2165
  16.000   1.0482   0.09998   0.09621  -0.0025  0.0123  0.5000  -7.8588   0.0000   0.2318
  17.000   0.9404   0.14229   0.13891  -0.0252  0.0128  0.5000  -6.5795   0.0000   0.2554


