xflr5 v6.10.03

 Calculated polar for: NACA 0011

 1 1 Reynolds number fixed          Mach number fixed         

 xtrf =   0.500 (top)        0.500 (bottom)
 Mach =   0.000     Re =     0.330 e 6     Ncrit =   9.000

  alpha     CL        CD       CDp       Cm    Top Xtr Bot Xtr   Cpmin    Chinge    XCp    
 ------- -------- --------- --------- -------- ------- ------- -------- --------- ---------
  -5.000  -0.5515   0.01220   0.00393  -0.0021  0.5000  0.2029  -2.0628   0.0000   0.2407
  -4.000  -0.4492   0.01066   0.00301  -0.0008  0.5000  0.3627  -1.5327   0.0000   0.2435
  -3.000  -0.3437   0.00964   0.00240   0.0005  0.5000  0.5000  -1.1100   0.0000   0.2472
  -2.000  -0.2293   0.00945   0.00194   0.0004  0.5000  0.5000  -0.7722   0.0000   0.2477
  -1.000  -0.1147   0.00935   0.00167   0.0002  0.5000  0.5000  -0.5347   0.0000   0.2479
   0.000   0.0000   0.00932   0.00160  -0.0000  0.5000  0.5000  -0.3807   0.0000   0.4602
   1.000   0.1147   0.00935   0.00167  -0.0002  0.5000  0.5000  -0.5347   0.0000   0.2479
   2.000   0.2293   0.00945   0.00194  -0.0004  0.5000  0.5000  -0.7722   0.0000   0.2477
   3.000   0.3437   0.00964   0.00240  -0.0005  0.5000  0.5000  -1.1100   0.0000   0.2472
   4.000   0.4492   0.01066   0.00301   0.0008  0.3627  0.5000  -1.5327   0.0000   0.2435
   5.000   0.5515   0.01220   0.00393   0.0021  0.2029  0.5000  -2.0629   0.0000   0.2407
   6.000   0.6515   0.01418   0.00549   0.0037  0.0961  0.5000  -2.6390   0.0000   0.2382
   7.000   0.7480   0.01657   0.00780   0.0059  0.0583  0.5000  -3.3189   0.0000   0.2351
   8.000   0.8418   0.01920   0.01068   0.0085  0.0433  0.5000  -4.0143   0.0000   0.2319
   9.000   0.9287   0.02283   0.01460   0.0118  0.0343  0.5000  -4.6779   0.0000   0.2283
  10.000   1.0111   0.02663   0.01883   0.0152  0.0291  0.5000  -5.4074   0.0000   0.2247
  11.000   1.0635   0.03487   0.02799   0.0211  0.0255  0.5000  -5.9778   0.0000   0.2188
  12.000   1.0802   0.04246   0.03644   0.0291  0.0231  0.5000  -6.4342   0.0000   0.2103
  13.000   1.0390   0.05631   0.05112   0.0302  0.0223  0.5000  -6.4737   0.0000   0.2064
  14.000   0.1757   0.02782   0.02423   0.0329  0.0494  0.5000  -0.9150   0.0000   0.0750
  15.000   0.7161   0.17200   0.16762  -0.0296  0.0363  0.5000  -2.3876   0.0000   0.2768
  16.000   0.7214   0.19194   0.18754  -0.0427  0.0310  0.5000  -1.9926   0.0000   0.2939
  17.000   0.7551   0.20358   0.19926  -0.0450  0.0273  0.5000  -2.2518   0.0000   0.2928


