xflr5 v6.10.03

 Calculated polar for: NACA 0011

 1 1 Reynolds number fixed          Mach number fixed         

 xtrf =   0.500 (top)        0.500 (bottom)
 Mach =   0.000     Re =     0.550 e 6     Ncrit =   9.000

  alpha     CL        CD       CDp       Cm    Top Xtr Bot Xtr   Cpmin    Chinge    XCp    
 ------- -------- --------- --------- -------- ------- ------- -------- --------- ---------
  -5.000  -0.5542   0.01098   0.00326  -0.0013  0.5000  0.1527  -2.0834   0.0000   0.2423
  -4.000  -0.4492   0.00961   0.00243  -0.0004  0.5000  0.2854  -1.5423   0.0000   0.2443
  -3.000  -0.3424   0.00854   0.00188   0.0004  0.5000  0.4323  -1.1126   0.0000   0.2469
  -2.000  -0.2306   0.00807   0.00155   0.0006  0.5000  0.5000  -0.7751   0.0000   0.2488
  -1.000  -0.1154   0.00800   0.00133   0.0003  0.5000  0.5000  -0.5353   0.0000   0.2491
   0.000   0.0000   0.00798   0.00127  -0.0000  0.5000  0.5000  -0.3802   0.0000   0.4557
   1.000   0.1154   0.00800   0.00133  -0.0003  0.5000  0.5000  -0.5353   0.0000   0.2491
   2.000   0.2306   0.00807   0.00155  -0.0006  0.5000  0.5000  -0.7751   0.0000   0.2488
   3.000   0.3424   0.00854   0.00188  -0.0004  0.4322  0.5000  -1.1126   0.0000   0.2469
   4.000   0.4492   0.00961   0.00243   0.0004  0.2854  0.5000  -1.5424   0.0000   0.2443
   5.000   0.5543   0.01098   0.00326   0.0013  0.1527  0.5000  -2.0835   0.0000   0.2423
   6.000   0.6580   0.01250   0.00445   0.0023  0.0750  0.5000  -2.6926   0.0000   0.2403
   7.000   0.7598   0.01420   0.00613   0.0039  0.0465  0.5000  -3.4204   0.0000   0.2379
   8.000   0.8594   0.01598   0.00809   0.0056  0.0341  0.5000  -4.1948   0.0000   0.2355
   9.000   0.9490   0.01884   0.01120   0.0086  0.0265  0.5000  -4.9219   0.0000   0.2318
  10.000   1.0388   0.02129   0.01400   0.0114  0.0229  0.5000  -5.7545   0.0000   0.2287
  11.000   1.1044   0.02627   0.01942   0.0165  0.0185  0.5000  -6.5719   0.0000   0.2234
  12.000   1.1616   0.03063   0.02434   0.0222  0.0170  0.5000  -7.4031   0.0000   0.2179
  13.000   1.1717   0.03799   0.03235   0.0300  0.0161  0.5000  -7.9190   0.0000   0.2098
  14.000   1.1452   0.05160   0.04667   0.0287  0.0156  0.5000  -8.1061   0.0000   0.2084
  15.000   1.0589   0.08107   0.07690   0.0105  0.0157  0.5000  -7.5623   0.0000   0.2215
  16.000   0.7413   0.18323   0.17945  -0.0399  0.0204  0.5000  -2.5423   0.0000   0.2879
  17.000   0.7489   0.20324   0.19946  -0.0474  0.0188  0.5000  -2.2190   0.0000   0.2963


