xflr5 v6.10.03

 Calculated polar for: NACA 0011

 1 1 Reynolds number fixed          Mach number fixed         

 xtrf =   0.500 (top)        0.500 (bottom)
 Mach =   0.080     Re =     0.670 e 6     Ncrit =   9.000

  alpha     CL        CD       CDp       Cm    Top Xtr Bot Xtr   Cpmin    Chinge    XCp    
 ------- -------- --------- --------- -------- ------- ------- -------- --------- ---------
  -5.000  -0.5573   0.01060   0.00309  -0.0011  0.5000  0.1349  -2.1021   0.0000   0.2425
  -4.000  -0.4511   0.00928   0.00228  -0.0003  0.5000  0.2572  -1.5535   0.0000   0.2445
  -3.000  -0.3429   0.00826   0.00174   0.0003  0.5000  0.3973  -1.1178   0.0000   0.2466
  -2.000  -0.2320   0.00762   0.00143   0.0007  0.5000  0.5000  -0.7794   0.0000   0.2491
  -1.000  -0.1160   0.00755   0.00124   0.0004  0.5000  0.5000  -0.5376   0.0000   0.2494
   0.000   0.0000   0.00753   0.00118  -0.0000  0.5000  0.5000  -0.3815   0.0000   1.4352
   1.000   0.1160   0.00755   0.00124  -0.0004  0.5000  0.5000  -0.5376   0.0000   0.2494
   2.000   0.2320   0.00762   0.00143  -0.0007  0.5000  0.5000  -0.7794   0.0000   0.2491
   3.000   0.3429   0.00826   0.00174  -0.0003  0.3974  0.5000  -1.1178   0.0000   0.2466
   4.000   0.4511   0.00928   0.00228   0.0003  0.2572  0.5000  -1.5536   0.0000   0.2445
   5.000   0.5573   0.01060   0.00309   0.0011  0.1349  0.5000  -2.1022   0.0000   0.2426
   6.000   0.6629   0.01195   0.00419   0.0021  0.0685  0.5000  -2.7270   0.0000   0.2407
   7.000   0.7672   0.01338   0.00559   0.0033  0.0432  0.5000  -3.4846   0.0000   0.2386
   8.000   0.8689   0.01499   0.00733   0.0049  0.0312  0.5000  -4.2908   0.0000   0.2363
   9.000   0.9635   0.01732   0.00991   0.0075  0.0247  0.5000  -5.0753   0.0000   0.2330
  10.000   1.0535   0.01981   0.01267   0.0104  0.0205  0.5000  -5.9392   0.0000   0.2297
  11.000   1.1307   0.02331   0.01661   0.0147  0.0171  0.5000  -6.8940   0.0000   0.2253
  12.000   1.1925   0.02748   0.02124   0.0203  0.0152  0.5000  -7.7988   0.0000   0.2198
  13.000   1.2182   0.03305   0.02730   0.0283  0.0143  0.5000  -8.5117   0.0000   0.2120
  14.000   1.2121   0.04332   0.03815   0.0304  0.0136  0.5000  -8.9533   0.0000   0.2083
  15.000   1.1649   0.06373   0.05922   0.0201  0.0134  0.5000  -8.9049   0.0000   0.2140
  16.000   1.0594   0.09922   0.09534  -0.0013  0.0136  0.5000  -8.0281   0.0000   0.2305


