xflr5 v6.10.03

 Calculated polar for: NACA 0011

 1 1 Reynolds number fixed          Mach number fixed         

 xtrf =   0.500 (top)        0.500 (bottom)
 Mach =   0.080     Re =     0.930 e 6     Ncrit =   9.000

  alpha     CL        CD       CDp       Cm    Top Xtr Bot Xtr   Cpmin    Chinge    XCp    
 ------- -------- --------- --------- -------- ------- ------- -------- --------- ---------
  -5.000  -0.5590   0.00996   0.00279  -0.0007  0.5000  0.1130  -2.1125   0.0000   0.2433
  -4.000  -0.4513   0.00880   0.00206  -0.0001  0.5000  0.2159  -1.5579   0.0000   0.2450
  -3.000  -0.3424   0.00780   0.00155   0.0004  0.5000  0.3473  -1.1188   0.0000   0.2468
  -2.000  -0.2319   0.00703   0.00125   0.0007  0.5000  0.4807  -0.7799   0.0000   0.2493
  -1.000  -0.1164   0.00688   0.00108   0.0004  0.5000  0.5000  -0.5379   0.0000   0.2501
   0.000   0.0000   0.00686   0.00103  -0.0000  0.5000  0.5000  -0.3813   0.0000   2.0706
   1.000   0.1164   0.00688   0.00108  -0.0004  0.5000  0.5000  -0.5379   0.0000   0.2501
   2.000   0.2319   0.00703   0.00125  -0.0007  0.4807  0.5000  -0.7799   0.0000   0.2493
   3.000   0.3424   0.00780   0.00155  -0.0004  0.3473  0.5000  -1.1188   0.0000   0.2468
   4.000   0.4514   0.00880   0.00206   0.0001  0.2158  0.5000  -1.5580   0.0000   0.2450
   5.000   0.5590   0.00996   0.00279   0.0007  0.1130  0.5000  -2.1126   0.0000   0.2433
   6.000   0.6660   0.01115   0.00376   0.0015  0.0589  0.5000  -2.7501   0.0000   0.2416
   7.000   0.7717   0.01243   0.00499   0.0025  0.0363  0.5000  -3.5236   0.0000   0.2397
   8.000   0.8750   0.01389   0.00658   0.0040  0.0267  0.5000  -4.3457   0.0000   0.2375
   9.000   0.9767   0.01534   0.00819   0.0055  0.0216  0.5000  -5.2180   0.0000   0.2352
  10.000   1.0684   0.01778   0.01092   0.0083  0.0181  0.5000  -6.0957   0.0000   0.2318
  11.000   1.1619   0.01958   0.01292   0.0107  0.0149  0.5000  -7.2375   0.0000   0.2291
  12.000   1.2111   0.02534   0.01929   0.0181  0.0123  0.5000  -8.0128   0.0000   0.2219
  13.000   1.2386   0.03083   0.02530   0.0267  0.0120  0.5000  -8.7472   0.0000   0.2137
  14.000   1.2489   0.03872   0.03370   0.0305  0.0117  0.5000  -9.3738   0.0000   0.2090
  15.000   1.2262   0.05429   0.04984   0.0244  0.0115  0.5000  -9.6313   0.0000   0.2114
  16.000   1.1396   0.08463   0.08079   0.0062  0.0115  0.5000  -9.0672   0.0000   0.2237


