xflr5 v6.10.03

 Calculated polar for: NACA 0011

 1 1 Reynolds number fixed          Mach number fixed         

 xtrf =   0.500 (top)        0.500 (bottom)
 Mach =   0.080     Re =     0.810 e 6     Ncrit =   9.000

  alpha     CL        CD       CDp       Cm    Top Xtr Bot Xtr   Cpmin    Chinge    XCp    
 ------- -------- --------- --------- -------- ------- ------- -------- --------- ---------
  -5.000  -0.5582   0.01024   0.00291  -0.0009  0.5000  0.1211  -2.1079   0.0000   0.2430
  -4.000  -0.4513   0.00898   0.00215  -0.0002  0.5000  0.2335  -1.5564   0.0000   0.2448
  -3.000  -0.3425   0.00799   0.00162   0.0003  0.5000  0.3672  -1.1182   0.0000   0.2467
  -2.000  -0.2324   0.00721   0.00132   0.0008  0.5000  0.5000  -0.7803   0.0000   0.2495
  -1.000  -0.1163   0.00715   0.00114   0.0004  0.5000  0.5000  -0.5378   0.0000   0.2498
   0.000   0.0000   0.00713   0.00109  -0.0000  0.5000  0.5000  -0.3814   0.0000   1.6547
   1.000   0.1163   0.00715   0.00114  -0.0004  0.5000  0.5000  -0.5378   0.0000   0.2498
   2.000   0.2324   0.00721   0.00132  -0.0008  0.5000  0.5000  -0.7803   0.0000   0.2495
   3.000   0.3425   0.00799   0.00162  -0.0003  0.3672  0.5000  -1.1182   0.0000   0.2467
   4.000   0.4513   0.00898   0.00215   0.0002  0.2335  0.5000  -1.5564   0.0000   0.2448
   5.000   0.5582   0.01024   0.00291   0.0009  0.1210  0.5000  -2.1080   0.0000   0.2430
   6.000   0.6647   0.01148   0.00392   0.0017  0.0631  0.5000  -2.7413   0.0000   0.2412
   7.000   0.7702   0.01276   0.00516   0.0028  0.0395  0.5000  -3.5127   0.0000   0.2393
   8.000   0.8721   0.01439   0.00692   0.0044  0.0279  0.5000  -4.3206   0.0000   0.2369
   9.000   0.9721   0.01604   0.00880   0.0062  0.0229  0.5000  -5.1668   0.0000   0.2345
  10.000   1.0579   0.01915   0.01223   0.0098  0.0186  0.5000  -5.9859   0.0000   0.2304
  11.000   1.1500   0.02098   0.01431   0.0122  0.0158  0.5000  -7.1040   0.0000   0.2276
  12.000   1.2200   0.02452   0.01820   0.0171  0.0137  0.5000  -8.1079   0.0000   0.2228
  13.000   1.2265   0.03198   0.02634   0.0276  0.0126  0.5000  -8.6235   0.0000   0.2128
  14.000   1.1706   0.04834   0.04358   0.0285  0.0121  0.5000  -8.5533   0.0000   0.2090
  15.000   1.1131   0.07237   0.06824   0.0141  0.0121  0.5000  -8.3514   0.0000   0.2185


