xflr5 v6.10.03

 Calculated polar for: NACA 0011

 1 1 Reynolds number fixed          Mach number fixed         

 xtrf =   0.500 (top)        0.500 (bottom)
 Mach =   0.000     Re =     0.830 e 6     Ncrit =   9.000

  alpha     CL        CD       CDp       Cm    Top Xtr Bot Xtr   Cpmin    Chinge    XCp    
 ------- -------- --------- --------- -------- ------- ------- -------- --------- ---------
  -5.000  -0.5563   0.01015   0.00286  -0.0007  0.5000  0.1221  -2.0966   0.0000   0.2433
  -4.000  -0.4497   0.00892   0.00211  -0.0001  0.5000  0.2335  -1.5489   0.0000   0.2450
  -3.000  -0.3413   0.00794   0.00160   0.0004  0.5000  0.3664  -1.1133   0.0000   0.2469
  -2.000  -0.2316   0.00716   0.00130   0.0008  0.5000  0.5000  -0.7771   0.0000   0.2497
  -1.000  -0.1158   0.00710   0.00112   0.0004  0.5000  0.5000  -0.5356   0.0000   0.2499
   0.000   0.0000   0.00708   0.00108  -0.0000  0.5000  0.5000  -0.3799   0.0000   0.4568
   1.000   0.1158   0.00710   0.00112  -0.0004  0.5000  0.5000  -0.5356   0.0000   0.2499
   2.000   0.2316   0.00716   0.00130  -0.0008  0.5000  0.5000  -0.7771   0.0000   0.2497
   3.000   0.3413   0.00794   0.00160  -0.0004  0.3664  0.5000  -1.1133   0.0000   0.2469
   4.000   0.4497   0.00892   0.00211   0.0001  0.2335  0.5000  -1.5489   0.0000   0.2450
   5.000   0.5563   0.01015   0.00286   0.0007  0.1221  0.5000  -2.0967   0.0000   0.2433
   6.000   0.6625   0.01136   0.00384   0.0015  0.0640  0.5000  -2.7256   0.0000   0.2416
   7.000   0.7677   0.01261   0.00503   0.0025  0.0400  0.5000  -3.4907   0.0000   0.2398
   8.000   0.8698   0.01415   0.00668   0.0039  0.0282  0.5000  -4.2951   0.0000   0.2375
   9.000   0.9695   0.01576   0.00850   0.0055  0.0230  0.5000  -5.1324   0.0000   0.2352
  10.000   1.0560   0.01874   0.01179   0.0089  0.0186  0.5000  -5.9470   0.0000   0.2313
  11.000   1.1496   0.02036   0.01364   0.0109  0.0159  0.5000  -7.0649   0.0000   0.2288
  12.000   1.2223   0.02369   0.01727   0.0154  0.0136  0.5000  -8.0725   0.0000   0.2243
  13.000   1.2289   0.03132   0.02562   0.0262  0.0124  0.5000  -8.5620   0.0000   0.2140
  14.000   1.2053   0.04308   0.03811   0.0298  0.0121  0.5000  -8.8233   0.0000   0.2088
  15.000   1.1745   0.06087   0.05648   0.0209  0.0120  0.5000  -8.9554   0.0000   0.2136
  16.000   1.0420   0.10141   0.09771  -0.0035  0.0121  0.5000  -7.7864   0.0000   0.2328


