xflr5 v6.10.03

 Calculated polar for: NACA 0011

 1 1 Reynolds number fixed          Mach number fixed         

 xtrf =   0.500 (top)        0.500 (bottom)
 Mach =   0.080     Re =     0.230 e 6     Ncrit =   9.000

  alpha     CL        CD       CDp       Cm    Top Xtr Bot Xtr   Cpmin    Chinge    XCp    
 ------- -------- --------- --------- -------- ------- ------- -------- --------- ---------
  -5.000  -0.5511   0.01335   0.00466  -0.0030  0.5000  0.2399  -2.0547   0.0000   0.2390
  -4.000  -0.4514   0.01168   0.00365  -0.0010  0.5000  0.4155  -1.5320   0.0000   0.2430
  -3.000  -0.3434   0.01086   0.00287   0.0001  0.5000  0.5000  -1.1082   0.0000   0.2461
  -2.000  -0.2290   0.01062   0.00233   0.0001  0.5000  0.5000  -0.7730   0.0000   0.2466
  -1.000  -0.1146   0.01049   0.00200   0.0001  0.5000  0.5000  -0.5364   0.0000   0.2469
   0.000  -0.0000   0.01045   0.00191  -0.0000  0.5000  0.5000  -0.3826   0.0000   0.0469
   1.000   0.1146   0.01049   0.00200  -0.0001  0.5000  0.5000  -0.5364   0.0000   0.2469
   2.000   0.2290   0.01062   0.00233  -0.0001  0.5000  0.5000  -0.7730   0.0000   0.2466
   3.000   0.3434   0.01086   0.00287  -0.0001  0.5000  0.5000  -1.1082   0.0000   0.2461
   4.000   0.4514   0.01168   0.00365   0.0010  0.4155  0.5000  -1.5320   0.0000   0.2430
   5.000   0.5511   0.01335   0.00465   0.0030  0.2398  0.5000  -2.0548   0.0000   0.2391
   6.000   0.6477   0.01579   0.00657   0.0052  0.1118  0.5000  -2.6034   0.0000   0.2358
   7.000   0.7414   0.01871   0.00942   0.0080  0.0692  0.5000  -3.2507   0.0000   0.2322
   8.000   0.8331   0.02230   0.01327   0.0111  0.0520  0.5000  -3.8904   0.0000   0.2287
   9.000   0.9204   0.02679   0.01819   0.0143  0.0410  0.5000  -4.5056   0.0000   0.2254
  10.000   0.9895   0.03460   0.02682   0.0187  0.0355  0.5000  -5.0356   0.0000   0.2210
  11.000   1.0117   0.04528   0.03886   0.0262  0.0326  0.5000  -5.3270   0.0000   0.2129
  12.000   0.9311   0.06321   0.05791   0.0290  0.0329  0.5000  -5.0038   0.0000   0.2061
  14.000   0.6832   0.16299   0.15805  -0.0288  0.0534  0.5000  -1.9429   0.0000   0.2793
  16.000   0.7162   0.19479   0.18986  -0.0430  0.0415  0.5000  -1.8757   0.0000   0.2949
  17.000   0.7526   0.21013   0.20528  -0.0437  0.0364  0.5000  -2.0984   0.0000   0.2916


