xflr5 v6.10.03

 Calculated polar for: NACA 0011

 1 1 Reynolds number fixed          Mach number fixed         

 xtrf =   0.500 (top)        0.500 (bottom)
 Mach =   0.080     Re =     0.690 e 6     Ncrit =   9.000

  alpha     CL        CD       CDp       Cm    Top Xtr Bot Xtr   Cpmin    Chinge    XCp    
 ------- -------- --------- --------- -------- ------- ------- -------- --------- ---------
  -5.000  -0.5575   0.01053   0.00305  -0.0011  0.5000  0.1331  -2.1033   0.0000   0.2426
  -4.000  -0.4511   0.00923   0.00226  -0.0003  0.5000  0.2534  -1.5540   0.0000   0.2445
  -3.000  -0.3429   0.00821   0.00172   0.0003  0.5000  0.3930  -1.1179   0.0000   0.2466
  -2.000  -0.2321   0.00755   0.00141   0.0007  0.5000  0.5000  -0.7796   0.0000   0.2492
  -1.000  -0.1161   0.00749   0.00122   0.0004  0.5000  0.5000  -0.5376   0.0000   0.2495
   0.000   0.0000   0.00747   0.00117  -0.0000  0.5000  0.5000  -0.3815   0.0000   1.4523
   1.000   0.1161   0.00749   0.00122  -0.0004  0.5000  0.5000  -0.5376   0.0000   0.2495
   2.000   0.2321   0.00755   0.00141  -0.0007  0.5000  0.5000  -0.7796   0.0000   0.2492
   3.000   0.3429   0.00821   0.00172  -0.0003  0.3930  0.5000  -1.1179   0.0000   0.2466
   4.000   0.4511   0.00923   0.00226   0.0003  0.2534  0.5000  -1.5541   0.0000   0.2445
   5.000   0.5575   0.01053   0.00305   0.0011  0.1331  0.5000  -2.1033   0.0000   0.2426
   6.000   0.6632   0.01187   0.00414   0.0020  0.0677  0.5000  -2.7295   0.0000   0.2408
   7.000   0.7678   0.01327   0.00552   0.0033  0.0427  0.5000  -3.4897   0.0000   0.2387
   8.000   0.8697   0.01486   0.00723   0.0048  0.0308  0.5000  -4.2988   0.0000   0.2364
   9.000   0.9649   0.01711   0.00972   0.0073  0.0244  0.5000  -5.0905   0.0000   0.2333
  10.000   1.0536   0.01978   0.01266   0.0104  0.0200  0.5000  -5.9412   0.0000   0.2298
  11.000   1.1339   0.02292   0.01622   0.0143  0.0169  0.5000  -6.9282   0.0000   0.2257
  12.000   1.1978   0.02689   0.02064   0.0197  0.0150  0.5000  -7.8577   0.0000   0.2204
  13.000   1.2256   0.03228   0.02649   0.0278  0.0140  0.5000  -8.5940   0.0000   0.2126
  14.000   1.2169   0.04268   0.03750   0.0304  0.0134  0.5000  -9.0117   0.0000   0.2084
  15.000   1.1663   0.06350   0.05899   0.0201  0.0131  0.5000  -8.9281   0.0000   0.2140
  16.000   1.0737   0.09635   0.09244   0.0003  0.0133  0.5000  -8.2200   0.0000   0.2290


