xflr5 v6.10.03

 Calculated polar for: NACA 0011

 1 1 Reynolds number fixed          Mach number fixed         

 xtrf =   0.500 (top)        0.500 (bottom)
 Mach =   0.080     Re =     0.390 e 6     Ncrit =   9.000

  alpha     CL        CD       CDp       Cm    Top Xtr Bot Xtr   Cpmin    Chinge    XCp    
 ------- -------- --------- --------- -------- ------- ------- -------- --------- ---------
  -5.000  -0.5542   0.01184   0.00373  -0.0020  0.5000  0.1798  -2.0812   0.0000   0.2410
  -4.000  -0.4507   0.01031   0.00282  -0.0008  0.5000  0.3333  -1.5436   0.0000   0.2435
  -3.000  -0.3449   0.00922   0.00223   0.0005  0.5000  0.4851  -1.1167   0.0000   0.2471
  -2.000  -0.2306   0.00897   0.00181   0.0004  0.5000  0.5000  -0.7765   0.0000   0.2480
  -1.000  -0.1153   0.00888   0.00156   0.0002  0.5000  0.5000  -0.5371   0.0000   0.2482
   0.000   0.0000   0.00885   0.00149  -0.0000  0.5000  0.5000  -0.3820   0.0000   2.2318
   1.000   0.1153   0.00888   0.00156  -0.0002  0.5000  0.5000  -0.5371   0.0000   0.2482
   2.000   0.2306   0.00897   0.00181  -0.0004  0.5000  0.5000  -0.7765   0.0000   0.2480
   3.000   0.3449   0.00922   0.00223  -0.0005  0.4851  0.5000  -1.1167   0.0000   0.2471
   4.000   0.4507   0.01031   0.00282   0.0008  0.3333  0.5000  -1.5436   0.0000   0.2435
   5.000   0.5542   0.01184   0.00373   0.0020  0.1798  0.5000  -2.0813   0.0000   0.2410
   6.000   0.6558   0.01370   0.00520   0.0034  0.0861  0.5000  -2.6722   0.0000   0.2386
   7.000   0.7560   0.01564   0.00717   0.0053  0.0538  0.5000  -3.3843   0.0000   0.2359
   8.000   0.8515   0.01799   0.00968   0.0077  0.0390  0.5000  -4.1219   0.0000   0.2329
   9.000   0.9401   0.02118   0.01320   0.0111  0.0312  0.5000  -4.8176   0.0000   0.2291
  10.000   1.0153   0.02637   0.01889   0.0155  0.0263  0.5000  -5.4838   0.0000   0.2245
  11.000   1.0822   0.03130   0.02448   0.0204  0.0228  0.5000  -6.2624   0.0000   0.2196
  12.000   1.1177   0.03666   0.03033   0.0275  0.0202  0.5000  -6.9682   0.0000   0.2124
  13.000   1.0797   0.05031   0.04486   0.0316  0.0194  0.5000  -7.0293   0.0000   0.2060
  14.000   1.0089   0.07446   0.06979   0.0177  0.0194  0.5000  -6.6944   0.0000   0.2158
  15.000   0.7079   0.17468   0.17048  -0.0352  0.0316  0.5000  -2.1507   0.0000   0.2855
  16.000   0.7403   0.18492   0.18077  -0.0381  0.0277  0.5000  -2.4702   0.0000   0.2856
  17.000   0.7478   0.20702   0.20287  -0.0474  0.0265  0.5000  -2.0337   0.0000   0.2967


