xflr5 v6.10.03

 Calculated polar for: NACA 0011

 1 1 Reynolds number fixed          Mach number fixed         

 xtrf =   0.500 (top)        0.500 (bottom)
 Mach =   0.080     Re =     0.830 e 6     Ncrit =   9.000

  alpha     CL        CD       CDp       Cm    Top Xtr Bot Xtr   Cpmin    Chinge    XCp    
 ------- -------- --------- --------- -------- ------- ------- -------- --------- ---------
  -5.000  -0.5583   0.01019   0.00289  -0.0009  0.5000  0.1193  -2.1087   0.0000   0.2430
  -4.000  -0.4513   0.00895   0.00213  -0.0002  0.5000  0.2303  -1.5567   0.0000   0.2448
  -3.000  -0.3425   0.00795   0.00161   0.0004  0.5000  0.3642  -1.1184   0.0000   0.2467
  -2.000  -0.2325   0.00716   0.00131   0.0008  0.5000  0.5000  -0.7804   0.0000   0.2496
  -1.000  -0.1163   0.00710   0.00113   0.0004  0.5000  0.5000  -0.5378   0.0000   0.2499
   0.000   0.0000   0.00708   0.00108  -0.0000  0.5000  0.5000  -0.3814   0.0000   1.7048
   1.000   0.1163   0.00710   0.00113  -0.0004  0.5000  0.5000  -0.5378   0.0000   0.2499
   2.000   0.2325   0.00716   0.00131  -0.0008  0.5000  0.5000  -0.7804   0.0000   0.2496
   3.000   0.3425   0.00795   0.00161  -0.0004  0.3642  0.5000  -1.1184   0.0000   0.2467
   4.000   0.4513   0.00895   0.00213   0.0002  0.2303  0.5000  -1.5567   0.0000   0.2448
   5.000   0.5583   0.01019   0.00289   0.0009  0.1193  0.5000  -2.1088   0.0000   0.2430
   6.000   0.6649   0.01142   0.00389   0.0017  0.0621  0.5000  -2.7428   0.0000   0.2413
   7.000   0.7705   0.01270   0.00513   0.0028  0.0389  0.5000  -3.5149   0.0000   0.2394
   8.000   0.8720   0.01440   0.00697   0.0044  0.0273  0.5000  -4.3170   0.0000   0.2369
   9.000   0.9730   0.01590   0.00867   0.0061  0.0227  0.5000  -5.1774   0.0000   0.2346
  10.000   1.0599   0.01888   0.01197   0.0095  0.0185  0.5000  -6.0071   0.0000   0.2307
  11.000   1.1523   0.02071   0.01405   0.0119  0.0156  0.5000  -7.1294   0.0000   0.2279
  12.000   1.2212   0.02439   0.01808   0.0170  0.0135  0.5000  -8.1210   0.0000   0.2229
  13.000   1.2186   0.03271   0.02715   0.0281  0.0124  0.5000  -8.5469   0.0000   0.2122
  14.000   1.1879   0.04608   0.04126   0.0292  0.0121  0.5000  -8.7342   0.0000   0.2087
  15.000   1.1400   0.06782   0.06363   0.0168  0.0120  0.5000  -8.6590   0.0000   0.2164


