xflr5 v6.10.03

 Calculated polar for: NACA 0011

 1 1 Reynolds number fixed          Mach number fixed         

 xtrf =   0.500 (top)        0.500 (bottom)
 Mach =   0.080     Re =     0.430 e 6     Ncrit =   9.000

  alpha     CL        CD       CDp       Cm    Top Xtr Bot Xtr   Cpmin    Chinge    XCp    
 ------- -------- --------- --------- -------- ------- ------- -------- --------- ---------
  -5.000  -0.5548   0.01159   0.00359  -0.0018  0.5000  0.1705  -2.0856   0.0000   0.2413
  -4.000  -0.4505   0.01012   0.00270  -0.0007  0.5000  0.3174  -1.5452   0.0000   0.2436
  -3.000  -0.3445   0.00902   0.00212   0.0004  0.5000  0.4696  -1.1170   0.0000   0.2469
  -2.000  -0.2309   0.00871   0.00173   0.0005  0.5000  0.5000  -0.7771   0.0000   0.2482
  -1.000  -0.1155   0.00862   0.00149   0.0003  0.5000  0.5000  -0.5372   0.0000   0.2485
   0.000   0.0000   0.00859   0.00143  -0.0000  0.5000  0.5000  -0.3819   0.0000   1.6468
   1.000   0.1155   0.00862   0.00149  -0.0003  0.5000  0.5000  -0.5372   0.0000   0.2485
   2.000   0.2309   0.00871   0.00173  -0.0005  0.5000  0.5000  -0.7771   0.0000   0.2482
   3.000   0.3445   0.00902   0.00212  -0.0004  0.4696  0.5000  -1.1170   0.0000   0.2469
   4.000   0.4505   0.01012   0.00270   0.0007  0.3174  0.5000  -1.5452   0.0000   0.2436
   5.000   0.5548   0.01159   0.00359   0.0018  0.1705  0.5000  -2.0857   0.0000   0.2413
   6.000   0.6575   0.01331   0.00497   0.0031  0.0828  0.5000  -2.6851   0.0000   0.2391
   7.000   0.7583   0.01517   0.00681   0.0049  0.0515  0.5000  -3.4069   0.0000   0.2365
   8.000   0.8512   0.01792   0.00973   0.0077  0.0363  0.5000  -4.1235   0.0000   0.2329
   9.000   0.9454   0.02021   0.01230   0.0102  0.0297  0.5000  -4.8857   0.0000   0.2300
  10.000   1.0228   0.02477   0.01737   0.0146  0.0254  0.5000  -5.5781   0.0000   0.2254
  11.000   1.0944   0.02881   0.02188   0.0191  0.0214  0.5000  -6.4437   0.0000   0.2209
  13.000   1.0715   0.05099   0.04573   0.0309  0.0185  0.5000  -6.9779   0.0000   0.2064
  14.000   0.9861   0.07878   0.07432   0.0137  0.0186  0.5000  -6.4746   0.0000   0.2194
  15.000   0.7196   0.17030   0.16624  -0.0331  0.0290  0.5000  -2.4038   0.0000   0.2814
  16.000   0.7299   0.18830   0.18424  -0.0389  0.0268  0.5000  -2.3025   0.0000   0.2876
  17.000   0.7445   0.20773   0.20365  -0.0506  0.0223  0.5000  -1.8913   0.0000   0.3015


