xflr5 v6.10.03

 Calculated polar for: NACA 0011

 1 1 Reynolds number fixed          Mach number fixed         

 xtrf =   0.500 (top)        0.500 (bottom)
 Mach =   0.000     Re =     0.170 e 6     Ncrit =   9.000

  alpha     CL        CD       CDp       Cm    Top Xtr Bot Xtr   Cpmin    Chinge    XCp    
 ------- -------- --------- --------- -------- ------- ------- -------- --------- ---------
  -5.000  -0.5485   0.01440   0.00538  -0.0035  0.5000  0.2854  -2.0278   0.0000   0.2383
  -4.000  -0.4517   0.01270   0.00436  -0.0007  0.5000  0.4688  -1.5192   0.0000   0.2437
  -3.000  -0.3407   0.01203   0.00333  -0.0001  0.5000  0.5000  -1.0968   0.0000   0.2454
  -2.000  -0.2272   0.01176   0.00271  -0.0001  0.5000  0.5000  -0.7674   0.0000   0.2458
  -1.000  -0.1136   0.01161   0.00234  -0.0000  0.5000  0.5000  -0.5338   0.0000   0.2460
   0.000  -0.0000   0.01156   0.00224   0.0000  0.5000  0.5000  -0.3815   0.0000   0.3715
   1.000   0.1136   0.01161   0.00234   0.0000  0.5000  0.5000  -0.5338   0.0000   0.2460
   2.000   0.2272   0.01176   0.00271   0.0001  0.5000  0.5000  -0.7674   0.0000   0.2458
   3.000   0.3407   0.01203   0.00333   0.0001  0.5000  0.5000  -1.0968   0.0000   0.2454
   4.000   0.4517   0.01270   0.00436   0.0007  0.4688  0.5000  -1.5193   0.0000   0.2438
   5.000   0.5485   0.01440   0.00538   0.0034  0.2854  0.5000  -2.0279   0.0000   0.2383
   6.000   0.6405   0.01730   0.00757   0.0062  0.1340  0.5000  -2.5416   0.0000   0.2341
   7.000   0.7323   0.02085   0.01100   0.0092  0.0835  0.5000  -3.1465   0.0000   0.2304
   8.000   0.8250   0.02494   0.01529   0.0120  0.0619  0.5000  -3.7615   0.0000   0.2276
   9.000   0.9121   0.03040   0.02127   0.0150  0.0494  0.5000  -4.3168   0.0000   0.2246
  10.000   0.9709   0.04010   0.03233   0.0203  0.0437  0.5000  -4.6867   0.0000   0.2193
  11.000   0.9567   0.05433   0.04804   0.0285  0.0417  0.5000  -4.7019   0.0000   0.2093
  12.000   0.8206   0.08443   0.07909   0.0147  0.0444  0.5000  -3.9083   0.0000   0.2195
  13.000   0.6976   0.14349   0.13810  -0.0156  0.0738  0.5000  -2.1826   0.0000   0.2604
  14.000   0.6778   0.16542   0.15992  -0.0290  0.0673  0.5000  -1.8429   0.0000   0.2802
  15.000   0.7076   0.17941   0.17395  -0.0323  0.0609  0.5000  -2.0025   0.0000   0.2817
  16.000   0.7127   0.19632   0.19082  -0.0427  0.0528  0.5000  -1.8092   0.0000   0.2950
  17.000   0.7557   0.21354   0.20815  -0.0424  0.0471  0.5000  -2.0505   0.0000   0.2899


