xflr5 v6.10.03

 Calculated polar for: NACA 0011

 1 1 Reynolds number fixed          Mach number fixed         

 xtrf =   0.500 (top)        0.500 (bottom)
 Mach =   0.000     Re =     0.150 e 6     Ncrit =   9.000

  alpha     CL        CD       CDp       Cm    Top Xtr Bot Xtr   Cpmin    Chinge    XCp    
 ------- -------- --------- --------- -------- ------- ------- -------- --------- ---------
  -5.000  -0.5490   0.01496   0.00578  -0.0035  0.5000  0.3014  -2.0219   0.0000   0.2381
  -4.000  -0.4531   0.01324   0.00475  -0.0004  0.5000  0.4885  -1.5178   0.0000   0.2443
  -3.000  -0.3403   0.01259   0.00356  -0.0002  0.5000  0.5000  -1.0944   0.0000   0.2451
  -2.000  -0.2270   0.01229   0.00291  -0.0001  0.5000  0.5000  -0.7666   0.0000   0.2455
  -1.000  -0.1135   0.01214   0.00252  -0.0001  0.5000  0.5000  -0.5337   0.0000   0.2458
   0.000  -0.0000   0.01209   0.00242   0.0000  0.5000  0.5000  -0.3816   0.0000   0.3318
   1.000   0.1135   0.01214   0.00252   0.0001  0.5000  0.5000  -0.5337   0.0000   0.2458
   2.000   0.2270   0.01229   0.00291   0.0001  0.5000  0.5000  -0.7666   0.0000   0.2455
   3.000   0.3403   0.01259   0.00356   0.0002  0.5000  0.5000  -1.0945   0.0000   0.2451
   4.000   0.4531   0.01324   0.00474   0.0004  0.4885  0.5000  -1.5179   0.0000   0.2443
   5.000   0.5490   0.01496   0.00578   0.0035  0.3014  0.5000  -2.0220   0.0000   0.2381
   6.000   0.6397   0.01802   0.00809   0.0066  0.1434  0.5000  -2.5237   0.0000   0.2335
   7.000   0.7311   0.02179   0.01166   0.0096  0.0898  0.5000  -3.1184   0.0000   0.2298
   8.000   0.8243   0.02664   0.01687   0.0124  0.0666  0.5000  -3.6957   0.0000   0.2270
   9.000   0.9081   0.03341   0.02440   0.0158  0.0543  0.5000  -4.1709   0.0000   0.2237
  11.000   0.9437   0.05800   0.05146   0.0284  0.0460  0.5000  -4.5689   0.0000   0.2091
  13.000   0.6677   0.14997   0.14424  -0.0225  0.0820  0.5000  -1.8491   0.0000   0.2720
  14.000   0.6966   0.16416   0.15846  -0.0246  0.0740  0.5000  -2.0164   0.0000   0.2725
  15.000   0.6914   0.18255   0.17679  -0.0360  0.0682  0.5000  -1.7847   0.0000   0.2883
  16.000   0.7371   0.19912   0.19343  -0.0348  0.0591  0.5000  -2.0911   0.0000   0.2824
  17.000   0.7353   0.21222   0.20647  -0.0497  0.0516  0.5000  -1.7317   0.0000   0.3016


