xflr5 v6.10.03

 Calculated polar for: NACA 0011

 1 1 Reynolds number fixed          Mach number fixed         

 xtrf =   0.500 (top)        0.500 (bottom)
 Mach =   0.000     Re =     0.950 e 6     Ncrit =   9.000

  alpha     CL        CD       CDp       Cm    Top Xtr Bot Xtr   Cpmin    Chinge    XCp    
 ------- -------- --------- --------- -------- ------- ------- -------- --------- ---------
  -5.000  -0.5571   0.00988   0.00274  -0.0006  0.5000  0.1138  -2.1008   0.0000   0.2436
  -4.000  -0.4498   0.00874   0.00203   0.0000  0.5000  0.2160  -1.5503   0.0000   0.2452
  -3.000  -0.3411   0.00775   0.00152   0.0004  0.5000  0.3468  -1.1137   0.0000   0.2470
  -2.000  -0.2310   0.00699   0.00123   0.0008  0.5000  0.4793  -0.7765   0.0000   0.2494
  -1.000  -0.1160   0.00683   0.00106   0.0005  0.5000  0.5000  -0.5358   0.0000   0.2502
   0.000   0.0000   0.00682   0.00103  -0.0000  0.5000  0.5000  -0.3798   0.0000   0.4574
   1.000   0.1160   0.00683   0.00106  -0.0005  0.5000  0.5000  -0.5358   0.0000   0.2502
   2.000   0.2310   0.00699   0.00123  -0.0008  0.4793  0.5000  -0.7765   0.0000   0.2494
   3.000   0.3411   0.00775   0.00152  -0.0004  0.3468  0.5000  -1.1137   0.0000   0.2470
   4.000   0.4498   0.00874   0.00203  -0.0000  0.2160  0.5000  -1.5504   0.0000   0.2452
   5.000   0.5571   0.00989   0.00274   0.0006  0.1138  0.5000  -2.1009   0.0000   0.2436
   6.000   0.6636   0.01107   0.00369   0.0013  0.0592  0.5000  -2.7333   0.0000   0.2419
   7.000   0.7690   0.01232   0.00488   0.0022  0.0364  0.5000  -3.4994   0.0000   0.2401
   8.000   0.8721   0.01373   0.00642   0.0035  0.0267  0.5000  -4.3136   0.0000   0.2380
   9.000   0.9737   0.01510   0.00793   0.0049  0.0217  0.5000  -5.1790   0.0000   0.2359
  10.000   1.0658   0.01745   0.01056   0.0075  0.0182  0.5000  -6.0482   0.0000   0.2326
  11.000   1.1601   0.01909   0.01238   0.0095  0.0151  0.5000  -7.1830   0.0000   0.2301
  12.000   1.2102   0.02487   0.01877   0.0168  0.0122  0.5000  -7.9418   0.0000   0.2231
  13.000   1.2530   0.02912   0.02344   0.0242  0.0119  0.5000  -8.7995   0.0000   0.2161
  14.000   1.2723   0.03559   0.03038   0.0295  0.0117  0.5000  -9.5062   0.0000   0.2104
  15.000   1.2627   0.04786   0.04318   0.0272  0.0114  0.5000  -9.9221   0.0000   0.2100
  16.000   1.2052   0.07165   0.06756   0.0137  0.0113  0.5000  -9.7476   0.0000   0.2179
  17.000   1.0234   0.12335   0.11997  -0.0156  0.0117  0.5000  -7.8226   0.0000   0.2430


