xflr5 v6.10.03

 Calculated polar for: NACA 0011

 1 1 Reynolds number fixed          Mach number fixed         

 xtrf =   0.500 (top)        0.500 (bottom)
 Mach =   0.080     Re =     0.510 e 6     Ncrit =   9.000

  alpha     CL        CD       CDp       Cm    Top Xtr Bot Xtr   Cpmin    Chinge    XCp    
 ------- -------- --------- --------- -------- ------- ------- -------- --------- ---------
  -5.000  -0.5557   0.01120   0.00338  -0.0015  0.5000  0.1551  -2.0921   0.0000   0.2418
  -3.000  -0.3438   0.00869   0.00196   0.0003  0.5000  0.4418  -1.1173   0.0000   0.2467
  -2.000  -0.2313   0.00826   0.00161   0.0006  0.5000  0.5000  -0.7781   0.0000   0.2486
  -1.000  -0.1157   0.00819   0.00139   0.0003  0.5000  0.5000  -0.5373   0.0000   0.2489
   0.000   0.0000   0.00816   0.00133  -0.0000  0.5000  0.5000  -0.3818   0.0000   1.5332
   1.000   0.1157   0.00819   0.00139  -0.0003  0.5000  0.5000  -0.5373   0.0000   0.2489
   2.000   0.2313   0.00826   0.00161  -0.0006  0.5000  0.5000  -0.7781   0.0000   0.2486
   3.000   0.3438   0.00869   0.00196  -0.0003  0.4418  0.5000  -1.1174   0.0000   0.2467
   4.000   0.4506   0.00979   0.00252   0.0006  0.2917  0.5000  -1.5483   0.0000   0.2439
   5.000   0.5557   0.01120   0.00338   0.0015  0.1551  0.5000  -2.0922   0.0000   0.2418
   6.000   0.6595   0.01277   0.00464   0.0027  0.0762  0.5000  -2.7026   0.0000   0.2397
   7.000   0.7605   0.01465   0.00650   0.0045  0.0469  0.5000  -3.4270   0.0000   0.2371
   8.000   0.8595   0.01656   0.00861   0.0065  0.0346  0.5000  -4.1987   0.0000   0.2345
   9.000   0.9468   0.01984   0.01216   0.0099  0.0268  0.5000  -4.9057   0.0000   0.2304
  10.000   1.0355   0.02249   0.01522   0.0130  0.0234  0.5000  -5.7297   0.0000   0.2271
  11.000   1.0934   0.02863   0.02189   0.0188  0.0188  0.5000  -6.4737   0.0000   0.2212
  12.000   1.1399   0.03331   0.02717   0.0257  0.0176  0.5000  -7.2400   0.0000   0.2145
  13.000   1.1349   0.04270   0.03730   0.0316  0.0169  0.5000  -7.6155   0.0000   0.2075
  14.000   1.0841   0.06178   0.05716   0.0238  0.0166  0.5000  -7.5257   0.0000   0.2113
  16.000   0.7291   0.18890   0.18502  -0.0423  0.0219  0.5000  -2.1767   0.0000   0.2925
  17.000   0.7595   0.20007   0.19624  -0.0467  0.0195  0.5000  -2.4183   0.0000   0.2943


