xflr5 v6.10.03

 Calculated polar for: NACA 0011

 1 1 Reynolds number fixed          Mach number fixed         

 xtrf =   0.500 (top)        0.500 (bottom)
 Mach =   0.000     Re =     0.450 e 6     Ncrit =   9.000

  alpha     CL        CD       CDp       Cm    Top Xtr Bot Xtr   Cpmin    Chinge    XCp    
 ------- -------- --------- --------- -------- ------- ------- -------- --------- ---------
  -5.000  -0.5532   0.01143   0.00349  -0.0016  0.5000  0.1699  -2.0760   0.0000   0.2417
  -4.000  -0.4490   0.01000   0.00263  -0.0006  0.5000  0.3145  -1.5385   0.0000   0.2439
  -3.000  -0.3432   0.00890   0.00206   0.0005  0.5000  0.4652  -1.1122   0.0000   0.2470
  -2.000  -0.2301   0.00858   0.00169   0.0005  0.5000  0.5000  -0.7740   0.0000   0.2484
  -1.000  -0.1151   0.00850   0.00146   0.0003  0.5000  0.5000  -0.5351   0.0000   0.2486
   0.000   0.0000   0.00847   0.00139  -0.0000  0.5000  0.5000  -0.3804   0.0000   0.4573
   1.000   0.1151   0.00850   0.00146  -0.0003  0.5000  0.5000  -0.5351   0.0000   0.2486
   2.000   0.2301   0.00858   0.00169  -0.0005  0.5000  0.5000  -0.7740   0.0000   0.2484
   3.000   0.3432   0.00890   0.00206  -0.0005  0.4652  0.5000  -1.1122   0.0000   0.2471
   4.000   0.4490   0.01000   0.00263   0.0006  0.3145  0.5000  -1.5385   0.0000   0.2439
   5.000   0.5532   0.01143   0.00349   0.0016  0.1699  0.5000  -2.0761   0.0000   0.2417
   6.000   0.6558   0.01309   0.00481   0.0028  0.0829  0.5000  -2.6741   0.0000   0.2396
   7.000   0.7567   0.01488   0.00656   0.0044  0.0513  0.5000  -3.3938   0.0000   0.2371
   8.000   0.8506   0.01742   0.00927   0.0069  0.0362  0.5000  -4.1152   0.0000   0.2338
   9.000   0.9447   0.01963   0.01172   0.0093  0.0293  0.5000  -4.8773   0.0000   0.2310
  10.000   1.0240   0.02377   0.01634   0.0134  0.0251  0.5000  -5.5841   0.0000   0.2267
  11.000   1.0992   0.02728   0.02024   0.0174  0.0211  0.5000  -6.4855   0.0000   0.2226
  12.000   1.1179   0.03611   0.02991   0.0262  0.0186  0.5000  -6.9455   0.0000   0.2137
  13.000   1.1103   0.04561   0.04014   0.0314  0.0181  0.5000  -7.2902   0.0000   0.2072
  14.000   1.0518   0.06613   0.06145   0.0219  0.0180  0.5000  -7.1156   0.0000   0.2125
  16.000   0.7294   0.18800   0.18400  -0.0391  0.0267  0.5000  -2.2805   0.0000   0.2880
  17.000   0.7464   0.20605   0.20203  -0.0499  0.0212  0.5000  -1.9754   0.0000   0.3003


