xflr5 v6.10.03

 Calculated polar for: NACA 0011

 1 1 Reynolds number fixed          Mach number fixed         

 xtrf =   0.500 (top)        0.500 (bottom)
 Mach =   0.080     Re =     0.970 e 6     Ncrit =   9.000

  alpha     CL        CD       CDp       Cm    Top Xtr Bot Xtr   Cpmin    Chinge    XCp    
 ------- -------- --------- --------- -------- ------- ------- -------- --------- ---------
  -5.000  -0.5592   0.00989   0.00276  -0.0007  0.5000  0.1101  -2.1136   0.0000   0.2434
  -4.000  -0.4514   0.00873   0.00204  -0.0001  0.5000  0.2110  -1.5586   0.0000   0.2451
  -3.000  -0.3423   0.00775   0.00153   0.0004  0.5000  0.3409  -1.1187   0.0000   0.2468
  -2.000  -0.2318   0.00697   0.00122   0.0007  0.5000  0.4748  -0.7798   0.0000   0.2493
  -1.000  -0.1165   0.00680   0.00106   0.0005  0.5000  0.5000  -0.5379   0.0000   0.2502
   0.000   0.0000   0.00678   0.00101  -0.0000  0.5000  0.5000  -0.3813   0.0000   2.2779
   1.000   0.1165   0.00680   0.00106  -0.0005  0.5000  0.5000  -0.5379   0.0000   0.2502
   2.000   0.2318   0.00697   0.00122  -0.0007  0.4748  0.5000  -0.7798   0.0000   0.2493
   3.000   0.3423   0.00775   0.00152  -0.0004  0.3409  0.5000  -1.1187   0.0000   0.2468
   4.000   0.4514   0.00873   0.00204   0.0001  0.2110  0.5000  -1.5586   0.0000   0.2451
   5.000   0.5592   0.00989   0.00276   0.0007  0.1101  0.5000  -2.1137   0.0000   0.2434
   6.000   0.6665   0.01104   0.00370   0.0014  0.0584  0.5000  -2.7535   0.0000   0.2417
   7.000   0.7725   0.01227   0.00488   0.0024  0.0361  0.5000  -3.5305   0.0000   0.2398
   8.000   0.8763   0.01368   0.00642   0.0038  0.0265  0.5000  -4.3575   0.0000   0.2377
   9.000   0.9776   0.01520   0.00807   0.0053  0.0210  0.5000  -5.2269   0.0000   0.2354
  10.000   1.0711   0.01742   0.01059   0.0079  0.0179  0.5000  -6.1245   0.0000   0.2322
  11.000   1.1648   0.01923   0.01258   0.0103  0.0146  0.5000  -7.2704   0.0000   0.2294
  12.000   1.2111   0.02534   0.01935   0.0181  0.0121  0.5000  -8.0122   0.0000   0.2219
  13.000   1.2532   0.02954   0.02396   0.0256  0.0119  0.5000  -8.8916   0.0000   0.2149
  14.000   1.2672   0.03677   0.03169   0.0304  0.0116  0.5000  -9.5625   0.0000   0.2095
  15.000   1.2496   0.05089   0.04637   0.0260  0.0113  0.5000  -9.8921   0.0000   0.2105
  16.000   1.1763   0.07819   0.07427   0.0100  0.0113  0.5000  -9.5115   0.0000   0.2206


