xflr5 v6.10.03

 Calculated polar for: NACA 0011

 1 1 Reynolds number fixed          Mach number fixed         

 xtrf =   0.500 (top)        0.500 (bottom)
 Mach =   0.080     Re =     0.250 e 6     Ncrit =   9.000

  alpha     CL        CD       CDp       Cm    Top Xtr Bot Xtr   Cpmin    Chinge    XCp    
 ------- -------- --------- --------- -------- ------- ------- -------- --------- ---------
  -5.000  -0.5517   0.01306   0.00448  -0.0028  0.5000  0.2300  -2.0598   0.0000   0.2394
  -4.000  -0.4511   0.01143   0.00349  -0.0010  0.5000  0.4016  -1.5339   0.0000   0.2430
  -3.000  -0.3438   0.01056   0.00276   0.0002  0.5000  0.5000  -1.1099   0.0000   0.2464
  -2.000  -0.2293   0.01033   0.00223   0.0002  0.5000  0.5000  -0.7736   0.0000   0.2468
  -1.000  -0.1147   0.01021   0.00192   0.0001  0.5000  0.5000  -0.5365   0.0000   0.2471
   0.000  -0.0000   0.01018   0.00183  -0.0000  0.5000  0.5000  -0.3825   0.0000   0.1989
   1.000   0.1147   0.01021   0.00192  -0.0001  0.5000  0.5000  -0.5365   0.0000   0.2471
   2.000   0.2293   0.01033   0.00223  -0.0002  0.5000  0.5000  -0.7736   0.0000   0.2468
   3.000   0.3438   0.01056   0.00276  -0.0002  0.5000  0.5000  -1.1099   0.0000   0.2464
   4.000   0.4511   0.01143   0.00349   0.0010  0.4016  0.5000  -1.5339   0.0000   0.2430
   5.000   0.5518   0.01306   0.00448   0.0028  0.2300  0.5000  -2.0599   0.0000   0.2394
   6.000   0.6490   0.01542   0.00631   0.0049  0.1072  0.5000  -2.6158   0.0000   0.2363
   7.000   0.7442   0.01809   0.00895   0.0075  0.0662  0.5000  -3.2764   0.0000   0.2329
   8.000   0.8353   0.02149   0.01255   0.0106  0.0497  0.5000  -3.9332   0.0000   0.2293
   9.000   0.9231   0.02550   0.01692   0.0138  0.0391  0.5000  -4.5772   0.0000   0.2260
  10.000   0.9953   0.03265   0.02496   0.0182  0.0339  0.5000  -5.1202   0.0000   0.2216
  11.000   1.0353   0.04146   0.03481   0.0247  0.0303  0.5000  -5.5895   0.0000   0.2149
  12.000   0.9931   0.05487   0.04926   0.0320  0.0297  0.5000  -5.5623   0.0000   0.2051
  13.000   0.1529   0.02075   0.01684   0.0387  0.0620  0.5000  -0.9312   0.0000   0.0115
  14.000   0.1819   0.03291   0.02900   0.0321  0.0722  0.5000  -0.7908   0.0000   0.0854
  15.000   0.2104   0.04098   0.03707   0.0269  0.0599  0.5000  -0.7963   0.0000   0.1315
  16.000   0.7226   0.19255   0.18776  -0.0415  0.0386  0.5000  -2.0117   0.0000   0.2922
  17.000   0.7486   0.20987   0.20513  -0.0458  0.0360  0.5000  -1.9977   0.0000   0.2947


