xflr5 v6.10.03

 Calculated polar for: NACA 0011

 1 1 Reynolds number fixed          Mach number fixed         

 xtrf =   0.500 (top)        0.500 (bottom)
 Mach =   0.000     Re =     0.370 e 6     Ncrit =   9.000

  alpha     CL        CD       CDp       Cm    Top Xtr Bot Xtr   Cpmin    Chinge    XCp    
 ------- -------- --------- --------- -------- ------- ------- -------- --------- ---------
  -5.000  -0.5521   0.01190   0.00376  -0.0019  0.5000  0.1903  -2.0680   0.0000   0.2411
  -4.000  -0.4491   0.01040   0.00286  -0.0007  0.5000  0.3447  -1.5349   0.0000   0.2436
  -3.000  -0.3441   0.00931   0.00228   0.0006  0.5000  0.4977  -1.1118   0.0000   0.2474
  -2.000  -0.2296   0.00912   0.00184   0.0004  0.5000  0.5000  -0.7729   0.0000   0.2479
  -1.000  -0.1148   0.00902   0.00159   0.0002  0.5000  0.5000  -0.5349   0.0000   0.2482
   0.000   0.0000   0.00899   0.00152  -0.0000  0.5000  0.5000  -0.3806   0.0000   0.4618
   1.000   0.1148   0.00902   0.00159  -0.0002  0.5000  0.5000  -0.5349   0.0000   0.2482
   2.000   0.2296   0.00912   0.00184  -0.0004  0.5000  0.5000  -0.7729   0.0000   0.2479
   3.000   0.3441   0.00931   0.00228  -0.0006  0.4977  0.5000  -1.1119   0.0000   0.2474
   4.000   0.4491   0.01040   0.00286   0.0007  0.3447  0.5000  -1.5350   0.0000   0.2436
   5.000   0.5522   0.01190   0.00376   0.0019  0.1903  0.5000  -2.0680   0.0000   0.2411
   6.000   0.6530   0.01378   0.00522   0.0033  0.0907  0.5000  -2.6524   0.0000   0.2387
   7.000   0.7518   0.01585   0.00728   0.0053  0.0558  0.5000  -3.3494   0.0000   0.2359
   8.000   0.8470   0.01820   0.00982   0.0077  0.0408  0.5000  -4.0717   0.0000   0.2330
   9.000   0.9346   0.02152   0.01345   0.0109  0.0323  0.5000  -4.7507   0.0000   0.2292
  10.000   1.0088   0.02715   0.01954   0.0152  0.0268  0.5000  -5.3930   0.0000   0.2248
  11.000   1.0772   0.03188   0.02497   0.0198  0.0237  0.5000  -6.1611   0.0000   0.2201
  12.000   1.1166   0.03701   0.03064   0.0266  0.0210  0.5000  -6.8655   0.0000   0.2133
  13.000   1.1020   0.04737   0.04170   0.0318  0.0200  0.5000  -7.1562   0.0000   0.2066
  14.000   1.0368   0.06887   0.06403   0.0218  0.0199  0.5000  -6.9097   0.0000   0.2124
  15.000   0.7141   0.17256   0.16832  -0.0317  0.0358  0.5000  -2.3048   0.0000   0.2799
  16.000   0.7327   0.18751   0.18328  -0.0401  0.0284  0.5000  -2.2710   0.0000   0.2892
  17.000   0.7480   0.20649   0.20228  -0.0464  0.0268  0.5000  -2.0807   0.0000   0.2954


