xflr5 v6.10.03

 Calculated polar for: NACA 0011

 1 1 Reynolds number fixed          Mach number fixed         

 xtrf =   0.500 (top)        0.500 (bottom)
 Mach =   0.000     Re =     0.970 e 6     Ncrit =   9.000

  alpha     CL        CD       CDp       Cm    Top Xtr Bot Xtr   Cpmin    Chinge    XCp    
 ------- -------- --------- --------- -------- ------- ------- -------- --------- ---------
  -5.000  -0.5572   0.00985   0.00273  -0.0005  0.5000  0.1124  -2.1014   0.0000   0.2436
  -4.000  -0.4498   0.00871   0.00202   0.0000  0.5000  0.2137  -1.5507   0.0000   0.2452
  -3.000  -0.3411   0.00773   0.00151   0.0004  0.5000  0.3434  -1.1137   0.0000   0.2470
  -2.000  -0.2310   0.00696   0.00122   0.0008  0.5000  0.4767  -0.7765   0.0000   0.2494
  -1.000  -0.1160   0.00680   0.00105   0.0005  0.5000  0.5000  -0.5358   0.0000   0.2503
   0.000   0.0000   0.00678   0.00102  -0.0000  0.5000  0.5000  -0.3798   0.0000   0.4574
   1.000   0.1160   0.00680   0.00105  -0.0005  0.5000  0.5000  -0.5358   0.0000   0.2503
   2.000   0.2310   0.00696   0.00122  -0.0008  0.4767  0.5000  -0.7765   0.0000   0.2494
   3.000   0.3411   0.00773   0.00151  -0.0004  0.3434  0.5000  -1.1137   0.0000   0.2470
   4.000   0.4498   0.00871   0.00202  -0.0000  0.2137  0.5000  -1.5507   0.0000   0.2453
   5.000   0.5572   0.00985   0.00273   0.0005  0.1124  0.5000  -2.1015   0.0000   0.2436
   6.000   0.6639   0.01101   0.00366   0.0013  0.0590  0.5000  -2.7350   0.0000   0.2420
   7.000   0.7694   0.01224   0.00483   0.0022  0.0363  0.5000  -3.5027   0.0000   0.2401
   8.000   0.8727   0.01363   0.00634   0.0034  0.0267  0.5000  -4.3192   0.0000   0.2381
   9.000   0.9742   0.01503   0.00787   0.0048  0.0214  0.5000  -5.1839   0.0000   0.2360
  10.000   1.0671   0.01727   0.01040   0.0073  0.0181  0.5000  -6.0619   0.0000   0.2328
  11.000   1.1615   0.01892   0.01222   0.0093  0.0150  0.5000  -7.1985   0.0000   0.2303
  12.000   1.2114   0.02475   0.01866   0.0166  0.0121  0.5000  -7.9535   0.0000   0.2232
  13.000   1.2597   0.02854   0.02283   0.0236  0.0119  0.5000  -8.8653   0.0000   0.2167
  14.000   1.2806   0.03474   0.02951   0.0293  0.0116  0.5000  -9.5907   0.0000   0.2107
  15.000   1.2733   0.04644   0.04173   0.0277  0.0113  0.5000  -10.0364   0.0000   0.2098
  16.000   1.2202   0.06915   0.06502   0.0151  0.0112  0.5000  -9.9233   0.0000   0.2169
  17.000   1.0697   0.11360   0.11013  -0.0102  0.0115  0.5000  -8.4564   0.0000   0.2370


