xflr5 v6.10.03

 Calculated polar for: NACA 0011

 1 1 Reynolds number fixed          Mach number fixed         

 xtrf =   0.500 (top)        0.500 (bottom)
 Mach =   0.000     Re =     0.930 e 6     Ncrit =   9.000

  alpha     CL        CD       CDp       Cm    Top Xtr Bot Xtr   Cpmin    Chinge    XCp    
 ------- -------- --------- --------- -------- ------- ------- -------- --------- ---------
  -5.000  -0.5569   0.00992   0.00276  -0.0006  0.5000  0.1152  -2.1002   0.0000   0.2435
  -4.000  -0.4497   0.00878   0.00205  -0.0000  0.5000  0.2181  -1.5499   0.0000   0.2452
  -3.000  -0.3412   0.00777   0.00153   0.0004  0.5000  0.3501  -1.1138   0.0000   0.2470
  -2.000  -0.2311   0.00701   0.00124   0.0008  0.5000  0.4833  -0.7767   0.0000   0.2494
  -1.000  -0.1160   0.00688   0.00107   0.0004  0.5000  0.5000  -0.5357   0.0000   0.2502
   0.000   0.0000   0.00686   0.00103  -0.0000  0.5000  0.5000  -0.3798   0.0000   0.4573
   1.000   0.1160   0.00688   0.00107  -0.0004  0.5000  0.5000  -0.5357   0.0000   0.2502
   2.000   0.2311   0.00701   0.00124  -0.0008  0.4833  0.5000  -0.7767   0.0000   0.2494
   3.000   0.3412   0.00777   0.00153  -0.0004  0.3501  0.5000  -1.1138   0.0000   0.2470
   4.000   0.4497   0.00878   0.00205   0.0000  0.2181  0.5000  -1.5500   0.0000   0.2452
   5.000   0.5570   0.00992   0.00276   0.0006  0.1152  0.5000  -2.1003   0.0000   0.2435
   6.000   0.6634   0.01112   0.00372   0.0013  0.0597  0.5000  -2.7319   0.0000   0.2418
   7.000   0.7687   0.01237   0.00492   0.0023  0.0367  0.5000  -3.4973   0.0000   0.2400
   8.000   0.8715   0.01383   0.00650   0.0036  0.0268  0.5000  -4.3076   0.0000   0.2378
   9.000   0.9732   0.01519   0.00801   0.0050  0.0219  0.5000  -5.1732   0.0000   0.2358
  10.000   1.0644   0.01763   0.01073   0.0077  0.0183  0.5000  -6.0337   0.0000   0.2324
  11.000   1.1587   0.01927   0.01256   0.0097  0.0152  0.5000  -7.1663   0.0000   0.2299
  12.000   1.2155   0.02432   0.01813   0.0162  0.0124  0.5000  -7.9980   0.0000   0.2236
  13.000   1.2458   0.02975   0.02410   0.0248  0.0120  0.5000  -8.7291   0.0000   0.2154
  14.000   1.2634   0.03651   0.03133   0.0297  0.0118  0.5000  -9.4160   0.0000   0.2101
  15.000   1.2515   0.04939   0.04474   0.0266  0.0115  0.5000  -9.8006   0.0000   0.2103
  16.000   1.1888   0.07440   0.07035   0.0121  0.0114  0.5000  -9.5561   0.0000   0.2190


