xflr5 v6.10.03

 Calculated polar for: NACA 0011

 1 1 Reynolds number fixed          Mach number fixed         

 xtrf =   0.500 (top)        0.500 (bottom)
 Mach =   0.000     Re =     0.350 e 6     Ncrit =   9.000

  alpha     CL        CD       CDp       Cm    Top Xtr Bot Xtr   Cpmin    Chinge    XCp    
 ------- -------- --------- --------- -------- ------- ------- -------- --------- ---------
  -5.000  -0.5517   0.01206   0.00384  -0.0020  0.5000  0.1963  -2.0652   0.0000   0.2409
  -4.000  -0.4492   0.01051   0.00293  -0.0007  0.5000  0.3536  -1.5341   0.0000   0.2436
  -3.000  -0.3440   0.00946   0.00234   0.0006  0.5000  0.5000  -1.1111   0.0000   0.2474
  -2.000  -0.2294   0.00928   0.00189   0.0004  0.5000  0.5000  -0.7726   0.0000   0.2478
  -1.000  -0.1148   0.00918   0.00163   0.0002  0.5000  0.5000  -0.5348   0.0000   0.2481
   0.000   0.0000   0.00915   0.00156  -0.0000  0.5000  0.5000  -0.3807   0.0000   0.4604
   1.000   0.1148   0.00918   0.00163  -0.0002  0.5000  0.5000  -0.5348   0.0000   0.2481
   2.000   0.2294   0.00928   0.00189  -0.0004  0.5000  0.5000  -0.7726   0.0000   0.2478
   3.000   0.3440   0.00946   0.00234  -0.0006  0.5000  0.5000  -1.1111   0.0000   0.2474
   4.000   0.4492   0.01051   0.00293   0.0007  0.3536  0.5000  -1.5341   0.0000   0.2436
   5.000   0.5517   0.01206   0.00384   0.0020  0.1963  0.5000  -2.0652   0.0000   0.2409
   6.000   0.6524   0.01396   0.00535   0.0035  0.0934  0.5000  -2.6463   0.0000   0.2385
   7.000   0.7501   0.01618   0.00752   0.0056  0.0571  0.5000  -3.3351   0.0000   0.2355
   8.000   0.8445   0.01867   0.01023   0.0081  0.0420  0.5000  -4.0439   0.0000   0.2324
   9.000   0.9317   0.02214   0.01400   0.0113  0.0333  0.5000  -4.7146   0.0000   0.2288
  10.000   1.0118   0.02635   0.01859   0.0150  0.0280  0.5000  -5.4313   0.0000   0.2250
  11.000   1.0706   0.03331   0.02643   0.0205  0.0246  0.5000  -6.0699   0.0000   0.2194
  12.000   1.1000   0.03954   0.03336   0.0278  0.0219  0.5000  -6.6605   0.0000   0.2119
  13.000   1.0786   0.05062   0.04516   0.0316  0.0210  0.5000  -6.8908   0.0000   0.2062
  14.000   0.9523   0.08591   0.08151   0.0095  0.0218  0.5000  -5.9503   0.0000   0.2235
  16.000   0.2208   0.05026   0.04672   0.0184  0.0431  0.5000  -0.6752   0.0000   0.1759


