xflr5 v6.10.03

 Calculated polar for: NACA 0011

 1 1 Reynolds number fixed          Mach number fixed         

 xtrf =   0.500 (top)        0.500 (bottom)
 Mach =   0.080     Re =     0.870 e 6     Ncrit =   9.000

  alpha     CL        CD       CDp       Cm    Top Xtr Bot Xtr   Cpmin    Chinge    XCp    
 ------- -------- --------- --------- -------- ------- ------- -------- --------- ---------
  -5.000  -0.5586   0.01009   0.00285  -0.0008  0.5000  0.1170  -2.1104   0.0000   0.2431
  -4.000  -0.4513   0.00889   0.00210  -0.0001  0.5000  0.2237  -1.5570   0.0000   0.2449
  -3.000  -0.3425   0.00787   0.00158   0.0004  0.5000  0.3576  -1.1187   0.0000   0.2468
  -2.000  -0.2323   0.00709   0.00128   0.0008  0.5000  0.4928  -0.7803   0.0000   0.2495
  -1.000  -0.1163   0.00701   0.00111   0.0004  0.5000  0.5000  -0.5378   0.0000   0.2500
   0.000   0.0000   0.00699   0.00106  -0.0000  0.5000  0.5000  -0.3813   0.0000   1.8003
   1.000   0.1163   0.00701   0.00111  -0.0004  0.5000  0.5000  -0.5378   0.0000   0.2500
   2.000   0.2323   0.00709   0.00128  -0.0008  0.4928  0.5000  -0.7803   0.0000   0.2495
   3.000   0.3425   0.00787   0.00158  -0.0004  0.3576  0.5000  -1.1187   0.0000   0.2468
   4.000   0.4513   0.00889   0.00210   0.0001  0.2237  0.5000  -1.5571   0.0000   0.2449
   5.000   0.5587   0.01009   0.00285   0.0008  0.1170  0.5000  -2.1105   0.0000   0.2432
   6.000   0.6653   0.01132   0.00384   0.0016  0.0603  0.5000  -2.7453   0.0000   0.2414
   7.000   0.7709   0.01261   0.00509   0.0027  0.0374  0.5000  -3.5172   0.0000   0.2395
   8.000   0.8730   0.01423   0.00685   0.0043  0.0269  0.5000  -4.3254   0.0000   0.2371
   9.000   0.9747   0.01565   0.00845   0.0058  0.0223  0.5000  -5.1964   0.0000   0.2349
  10.000   1.0636   0.01840   0.01151   0.0090  0.0184  0.5000  -6.0458   0.0000   0.2312
  11.000   1.1565   0.02021   0.01355   0.0114  0.0153  0.5000  -7.1769   0.0000   0.2284
  12.000   1.2207   0.02442   0.01816   0.0170  0.0130  0.5000  -8.1154   0.0000   0.2229
  13.000   1.2123   0.03329   0.02786   0.0285  0.0121  0.5000  -8.4861   0.0000   0.2118
  14.000   1.2158   0.04258   0.03767   0.0301  0.0120  0.5000  -9.0279   0.0000   0.2086
  15.000   1.1815   0.06115   0.05683   0.0206  0.0118  0.5000  -9.1284   0.0000   0.2137
  16.000   1.0559   0.10015   0.09649  -0.0027  0.0120  0.5000  -8.0292   0.0000   0.2319


