xflr5 v6.10.03

 Calculated polar for: NACA 0011

 1 1 Reynolds number fixed          Mach number fixed         

 xtrf =   0.500 (top)        0.500 (bottom)
 Mach =   0.080     Re =     0.530 e 6     Ncrit =   9.000

  alpha     CL        CD       CDp       Cm    Top Xtr Bot Xtr   Cpmin    Chinge    XCp    
 ------- -------- --------- --------- -------- ------- ------- -------- --------- ---------
  -5.000  -0.5560   0.01110   0.00333  -0.0015  0.5000  0.1524  -2.0938   0.0000   0.2419
  -4.000  -0.4507   0.00971   0.00248  -0.0005  0.5000  0.2869  -1.5492   0.0000   0.2440
  -3.000  -0.3437   0.00862   0.00192   0.0003  0.5000  0.4353  -1.1175   0.0000   0.2467
  -2.000  -0.2314   0.00817   0.00158   0.0006  0.5000  0.5000  -0.7783   0.0000   0.2487
  -1.000  -0.1158   0.00809   0.00136   0.0003  0.5000  0.5000  -0.5374   0.0000   0.2489
   0.000   0.0000   0.00807   0.00130  -0.0000  0.5000  0.5000  -0.3817   0.0000   1.4976
   1.000   0.1158   0.00809   0.00136  -0.0003  0.5000  0.5000  -0.5374   0.0000   0.2489
   2.000   0.2314   0.00817   0.00158  -0.0006  0.5000  0.5000  -0.7783   0.0000   0.2487
   3.000   0.3437   0.00862   0.00192  -0.0003  0.4353  0.5000  -1.1175   0.0000   0.2467
   4.000   0.4507   0.00971   0.00248   0.0005  0.2869  0.5000  -1.5492   0.0000   0.2440
   5.000   0.5560   0.01110   0.00333   0.0015  0.1524  0.5000  -2.0939   0.0000   0.2419
   6.000   0.6599   0.01268   0.00458   0.0026  0.0744  0.5000  -2.7054   0.0000   0.2398
   7.000   0.7617   0.01444   0.00634   0.0043  0.0465  0.5000  -3.4365   0.0000   0.2373
   8.000   0.8610   0.01631   0.00841   0.0062  0.0342  0.5000  -4.2130   0.0000   0.2347
   9.000   0.9496   0.01940   0.01176   0.0095  0.0266  0.5000  -4.9344   0.0000   0.2309
  10.000   1.0385   0.02202   0.01477   0.0126  0.0230  0.5000  -5.7646   0.0000   0.2276
  11.000   1.0999   0.02758   0.02083   0.0182  0.0186  0.5000  -6.5495   0.0000   0.2218
  12.000   1.1476   0.03237   0.02622   0.0250  0.0173  0.5000  -7.3214   0.0000   0.2152
  13.000   1.1468   0.04125   0.03581   0.0314  0.0165  0.5000  -7.7390   0.0000   0.2080
  14.000   1.1023   0.05887   0.05419   0.0254  0.0162  0.5000  -7.7242   0.0000   0.2103
  15.000   0.9634   0.10180   0.09793  -0.0027  0.0168  0.5000  -6.4833   0.0000   0.2344
  16.000   0.7333   0.18705   0.18322  -0.0415  0.0210  0.5000  -2.3035   0.0000   0.2910


