xflr5 v6.10.03

 Calculated polar for: NACA 0011

 1 1 Reynolds number fixed          Mach number fixed         

 xtrf =   0.500 (top)        0.500 (bottom)
 Mach =   0.000     Re =     0.690 e 6     Ncrit =   9.000

  alpha     CL        CD       CDp       Cm    Top Xtr Bot Xtr   Cpmin    Chinge    XCp    
 ------- -------- --------- --------- -------- ------- ------- -------- --------- ---------
  -5.000  -0.5554   0.01050   0.00302  -0.0010  0.5000  0.1355  -2.0911   0.0000   0.2428
  -4.000  -0.4495   0.00921   0.00224  -0.0002  0.5000  0.2567  -1.5463   0.0000   0.2447
  -3.000  -0.3416   0.00820   0.00171   0.0004  0.5000  0.3953  -1.1128   0.0000   0.2468
  -2.000  -0.2312   0.00755   0.00140   0.0007  0.5000  0.5000  -0.7762   0.0000   0.2493
  -1.000  -0.1156   0.00748   0.00121   0.0004  0.5000  0.5000  -0.5355   0.0000   0.2496
   0.000   0.0000   0.00746   0.00117  -0.0000  0.5000  0.5000  -0.3801   0.0000   0.4559
   1.000   0.1156   0.00748   0.00121  -0.0004  0.5000  0.5000  -0.5355   0.0000   0.2496
   2.000   0.2312   0.00755   0.00140  -0.0007  0.5000  0.5000  -0.7762   0.0000   0.2493
   3.000   0.3416   0.00820   0.00171  -0.0004  0.3953  0.5000  -1.1128   0.0000   0.2468
   4.000   0.4496   0.00921   0.00224   0.0002  0.2567  0.5000  -1.5463   0.0000   0.2447
   5.000   0.5555   0.01050   0.00302   0.0010  0.1355  0.5000  -2.0912   0.0000   0.2429
   6.000   0.6607   0.01183   0.00409   0.0018  0.0691  0.5000  -2.7121   0.0000   0.2410
   7.000   0.7649   0.01321   0.00544   0.0030  0.0434  0.5000  -3.4644   0.0000   0.2391
   8.000   0.8665   0.01475   0.00710   0.0044  0.0314  0.5000  -4.2651   0.0000   0.2369
   9.000   0.9617   0.01694   0.00954   0.0068  0.0246  0.5000  -5.0486   0.0000   0.2339
  10.000   1.0522   0.01932   0.01215   0.0094  0.0205  0.5000  -5.9082   0.0000   0.2307
  11.000   1.1322   0.02248   0.01571   0.0132  0.0171  0.5000  -6.8772   0.0000   0.2267
  12.000   1.1996   0.02615   0.01979   0.0181  0.0151  0.5000  -7.8199   0.0000   0.2218
  13.000   1.2342   0.03103   0.02510   0.0259  0.0141  0.5000  -8.5959   0.0000   0.2144
  14.000   1.2322   0.04013   0.03478   0.0302  0.0134  0.5000  -9.0748   0.0000   0.2091
  15.000   1.1889   0.05865   0.05397   0.0227  0.0130  0.5000  -9.0878   0.0000   0.2123
  16.000   1.1075   0.08844   0.08438   0.0049  0.0131  0.5000  -8.5614   0.0000   0.2249


