xflr5 v6.10.03

 Calculated polar for: NACA 0011

 1 1 Reynolds number fixed          Mach number fixed         

 xtrf =   0.500 (top)        0.500 (bottom)
 Mach =   0.080     Re =     0.730 e 6     Ncrit =   9.000

  alpha     CL        CD       CDp       Cm    Top Xtr Bot Xtr   Cpmin    Chinge    XCp    
 ------- -------- --------- --------- -------- ------- ------- -------- --------- ---------
  -5.000  -0.5578   0.01041   0.00300  -0.0010  0.5000  0.1293  -2.1052   0.0000   0.2428
  -4.000  -0.4511   0.00916   0.00222  -0.0003  0.5000  0.2456  -1.5546   0.0000   0.2446
  -3.000  -0.3428   0.00812   0.00168   0.0003  0.5000  0.3846  -1.1183   0.0000   0.2467
  -2.000  -0.2322   0.00743   0.00138   0.0008  0.5000  0.5000  -0.7798   0.0000   0.2493
  -1.000  -0.1161   0.00737   0.00119   0.0004  0.5000  0.5000  -0.5377   0.0000   0.2496
   0.000   0.0000   0.00735   0.00114  -0.0000  0.5000  0.5000  -0.3815   0.0000   1.4947
   1.000   0.1161   0.00737   0.00119  -0.0004  0.5000  0.5000  -0.5377   0.0000   0.2496
   2.000   0.2322   0.00743   0.00138  -0.0008  0.5000  0.5000  -0.7798   0.0000   0.2493
   3.000   0.3429   0.00812   0.00168  -0.0003  0.3846  0.5000  -1.1183   0.0000   0.2467
   4.000   0.4511   0.00916   0.00222   0.0003  0.2456  0.5000  -1.5546   0.0000   0.2446
   5.000   0.5578   0.01041   0.00300   0.0010  0.1292  0.5000  -2.1053   0.0000   0.2428
   6.000   0.6638   0.01172   0.00406   0.0019  0.0662  0.5000  -2.7340   0.0000   0.2409
   7.000   0.7688   0.01307   0.00537   0.0031  0.0417  0.5000  -3.4990   0.0000   0.2390
   8.000   0.8709   0.01464   0.00705   0.0046  0.0300  0.5000  -4.3120   0.0000   0.2367
   9.000   0.9676   0.01671   0.00939   0.0069  0.0238  0.5000  -5.1176   0.0000   0.2337
  10.000   1.0484   0.02042   0.01346   0.0110  0.0188  0.5000  -5.8865   0.0000   0.2291
  11.000   1.1398   0.02220   0.01552   0.0136  0.0165  0.5000  -6.9916   0.0000   0.2264
  12.000   1.2074   0.02585   0.01956   0.0186  0.0146  0.5000  -7.9662   0.0000   0.2214
  13.000   1.2347   0.03133   0.02551   0.0271  0.0135  0.5000  -8.6971   0.0000   0.2133
  14.000   1.2143   0.04290   0.03778   0.0302  0.0129  0.5000  -8.9958   0.0000   0.2085
  15.000   1.1535   0.06550   0.06110   0.0187  0.0127  0.5000  -8.7953   0.0000   0.2150
  16.000   1.0681   0.09739   0.09352  -0.0005  0.0128  0.5000  -8.1618   0.0000   0.2297


