xflr5 v6.10.03

 Calculated polar for: S1223 MOD2015

 1 1 Reynolds number fixed          Mach number fixed         

 xtrf =   0.500 (top)        0.500 (bottom)
 Mach =   0.080     Re =     0.860 e 6     Ncrit =   9.000

  alpha     CL        CD       CDp       Cm    Top Xtr Bot Xtr   Cpmin    Chinge    XCp    
 ------- -------- --------- --------- -------- ------- ------- -------- --------- ---------
  -5.000   0.5316   0.01513   0.00930  -0.2499  0.4947  0.0164  -3.8697   0.0000   0.7309
  -4.000   0.6993   0.01347   0.00698  -0.2627  0.4542  0.0177  -2.9828   0.0000   0.6319
  -3.000   0.8405   0.01306   0.00621  -0.2685  0.4258  0.0187  -2.2238   0.0000   0.5727
  -2.000   0.9736   0.01301   0.00586  -0.2724  0.4032  0.0194  -1.6311   0.0000   0.5305
  -1.000   1.1010   0.01312   0.00580  -0.2748  0.3881  0.0213  -1.5591   0.0000   0.4983
   0.000   1.2210   0.01349   0.00605  -0.2756  0.3753  0.0268  -1.6921   0.0000   0.4724
   1.000   1.3496   0.01377   0.00670  -0.2788  0.3648  0.2260  -1.8349   0.0000   0.4514
   2.000   1.4578   0.01449   0.00747  -0.2772  0.3565  0.2760  -1.9721   0.0000   0.4331
   3.000   1.5660   0.01519   0.00822  -0.2757  0.3492  0.3146  -2.1167   0.0000   0.4172
   4.000   1.6702   0.01625   0.00931  -0.2737  0.3405  0.3621  -2.2585   0.0000   0.4031
   5.000   1.7745   0.01706   0.01033  -0.2717  0.3355  0.4357  -2.4046   0.0000   0.3904
   6.000   1.8735   0.01813   0.01152  -0.2688  0.3280  0.5000  -2.5626   0.0000   0.3788
   7.000   1.9665   0.01949   0.01292  -0.2649  0.3205  0.5000  -2.7268   0.0000   0.3680
   8.000   2.0562   0.02068   0.01424  -0.2605  0.3136  0.5000  -2.9066   0.0000   0.3579
   9.000   2.1379   0.02250   0.01612  -0.2550  0.3039  0.5000  -3.1022   0.0000   0.3484
  10.000   2.2206   0.02393   0.01776  -0.2499  0.2962  0.5000  -3.3277   0.0000   0.3394
  11.000   2.2928   0.02608   0.02005  -0.2433  0.2846  0.5000  -3.6158   0.0000   0.3307
  12.000   2.3583   0.02870   0.02280  -0.2363  0.2704  0.5000  -3.9279   0.0000   0.3223
  13.000   2.4180   0.03190   0.02619  -0.2290  0.2559  0.5000  -4.2466   0.0000   0.3144
  14.000   2.4646   0.03632   0.03078  -0.2209  0.2368  0.5000  -4.5628   0.0000   0.3067
  15.000   2.4790   0.04403   0.03857  -0.2108  0.2066  0.5000  -4.8168   0.0000   0.2995
  16.000   2.4493   0.05770   0.05234  -0.2008  0.1719  0.5000  -4.9699   0.0000   0.2935
  17.000   2.3800   0.07961   0.07458  -0.1962  0.1484  0.5000  -5.0149   0.0000   0.2908


