xflr5 v6.10.03

 Calculated polar for: S1223 MOD2015 FLAP

 1 1 Reynolds number fixed          Mach number fixed         

 xtrf =   0.500 (top)        0.500 (bottom)
 Mach =   0.000     Re =     0.720 e 6     Ncrit =   9.000

  alpha     CL        CD       CDp       Cm    Top Xtr Bot Xtr   Cpmin    Chinge    XCp    
 ------- -------- --------- --------- -------- ------- ------- -------- --------- ---------
  -5.000   0.9722   0.05268   0.04741  -0.2557  0.4612  0.0247  -1.8026   0.0096   0.5171
  -4.000   1.2305   0.06117   0.05543  -0.2832  0.4232  0.0278  -1.5858   0.0116   0.4814
  -3.000   1.4931   0.07243   0.06664  -0.3100  0.3979  0.2021  -1.8457   0.0135   0.4563
  -2.000   1.6058   0.07490   0.06898  -0.3099  0.3825  0.2622  -1.9865   0.0137   0.4395
  -1.000   1.7069   0.07657   0.07063  -0.3078  0.3736  0.2890  -2.1233   0.0139   0.4245
   0.000   1.8044   0.07815   0.07209  -0.3050  0.3622  0.3102  -2.2662   0.0140   0.4111
   1.000   1.8992   0.07976   0.07378  -0.3020  0.3556  0.3388  -2.4108   0.0142   0.3988
   2.000   1.9899   0.08135   0.07541  -0.2984  0.3478  0.3751  -2.5529   0.0143   0.3875
   3.000   2.0776   0.08266   0.07681  -0.2944  0.3399  0.4162  -2.7020   0.0144   0.3770
   4.000   2.1586   0.08424   0.07855  -0.2896  0.3328  0.4573  -2.8581   0.0145   0.3671
   5.000   2.2352   0.08550   0.07984  -0.2842  0.3226  0.4989  -3.0274   0.0146   0.3578
   6.000   2.3045   0.08778   0.08235  -0.2781  0.3162  0.5000  -3.2115   0.0147   0.3488
   7.000   2.3609   0.09077   0.08545  -0.2704  0.3064  0.5000  -3.4039   0.0148   0.3401
   8.000   2.4167   0.09362   0.08854  -0.2631  0.2964  0.5000  -3.6734   0.0150   0.3318
   9.000   2.4578   0.09783   0.09291  -0.2545  0.2830  0.5000  -3.9511   0.0151   0.3237
  10.000   2.4928   0.10250   0.09778  -0.2459  0.2698  0.5000  -4.2299   0.0152   0.3160
  11.000   2.5214   0.10775   0.10327  -0.2376  0.2540  0.5000  -4.5129   0.0154   0.3086
  12.000   2.5305   0.11515   0.11086  -0.2293  0.2320  0.5000  -4.7588   0.0156   0.3018
  13.000   2.5058   0.12658   0.12241  -0.2219  0.2004  0.5000  -4.9239   0.0160   0.2962
  14.000   2.4514   0.14205   0.13804  -0.2189  0.1697  0.5000  -4.9999   0.0165   0.2931
  16.000   2.3266   0.17646   0.17294  -0.2279  0.1261  0.5000  -5.0522   0.0175   0.2935
  17.000   2.2766   0.19215   0.18879  -0.2358  0.1081  0.5000  -5.0890   0.0181   0.2949


