xflr5 v6.10.03

 Calculated polar for: S1223 MOD2015

 1 1 Reynolds number fixed          Mach number fixed         

 xtrf =   0.500 (top)        0.500 (bottom)
 Mach =   0.080     Re =     0.640 e 6     Ncrit =   9.000

  alpha     CL        CD       CDp       Cm    Top Xtr Bot Xtr   Cpmin    Chinge    XCp    
 ------- -------- --------- --------- -------- ------- ------- -------- --------- ---------
  -5.000   0.3321   0.06581   0.06161  -0.1246  0.5000  0.0223  -1.4317   0.0000   0.6371
  -4.000   0.6618   0.01514   0.00850  -0.2540  0.4761  0.0199  -3.0114   0.0000   0.6402
  -3.000   0.8166   0.01414   0.00701  -0.2633  0.4426  0.0212  -2.2186   0.0000   0.5757
  -2.000   0.9543   0.01399   0.00656  -0.2682  0.4187  0.0225  -1.6239   0.0000   0.5319
  -1.000   1.0843   0.01416   0.00647  -0.2714  0.4006  0.0252  -1.5434   0.0000   0.4989
   0.000   1.2095   0.01442   0.00667  -0.2733  0.3881  0.0474  -1.6791   0.0000   0.4727
   1.000   1.3340   0.01492   0.00753  -0.2756  0.3768  0.2520  -1.8182   0.0000   0.4514
   2.000   1.4432   0.01563   0.00825  -0.2742  0.3681  0.2913  -1.9557   0.0000   0.4330
   3.000   1.5520   0.01664   0.00924  -0.2730  0.3589  0.3291  -2.0986   0.0000   0.4170
   4.000   1.6590   0.01743   0.01017  -0.2714  0.3521  0.3811  -2.2427   0.0000   0.4029
   5.000   1.7633   0.01854   0.01142  -0.2696  0.3446  0.4640  -2.3892   0.0000   0.3902
   6.000   1.8632   0.01976   0.01275  -0.2670  0.3374  0.5000  -2.5465   0.0000   0.3787
   7.000   1.9555   0.02099   0.01407  -0.2629  0.3301  0.5000  -2.7108   0.0000   0.3678
   8.000   2.0453   0.02269   0.01581  -0.2587  0.3214  0.5000  -2.8891   0.0000   0.3578
   9.000   2.1263   0.02419   0.01753  -0.2530  0.3139  0.5000  -3.0836   0.0000   0.3481
  10.000   2.2027   0.02636   0.01978  -0.2470  0.3040  0.5000  -3.2987   0.0000   0.3390
  11.000   2.2718   0.02838   0.02211  -0.2399  0.2948  0.5000  -3.5757   0.0000   0.3302
  12.000   2.3327   0.03118   0.02512  -0.2323  0.2815  0.5000  -3.8761   0.0000   0.3218
  13.000   2.3856   0.03483   0.02899  -0.2244  0.2682  0.5000  -4.1799   0.0000   0.3137
  14.000   2.4290   0.03958   0.03398  -0.2163  0.2521  0.5000  -4.4829   0.0000   0.3062
  16.000   2.4440   0.05808   0.05296  -0.1996  0.2091  0.5000  -4.9512   0.0000   0.2932
  17.000   2.3869   0.07801   0.07320  -0.1949  0.1822  0.5000  -5.0267   0.0000   0.2901


