xflr5 v6.10.03

 Calculated polar for: S1223 MOD2015

 1 1 Reynolds number fixed          Mach number fixed         

 xtrf =   0.500 (top)        0.500 (bottom)
 Mach =   0.000     Re =     0.600 e 6     Ncrit =   9.000

  alpha     CL        CD       CDp       Cm    Top Xtr Bot Xtr   Cpmin    Chinge    XCp    
 ------- -------- --------- --------- -------- ------- ------- -------- --------- ---------
  -5.000   0.2961   0.06340   0.05918  -0.1233  0.5000  0.0237  -1.8124   0.0000   0.6799
  -4.000   0.3276   0.05828   0.05412  -0.1196  0.4887  0.0253  -1.4828   0.0000   0.6235
  -3.000   0.8116   0.01428   0.00712  -0.2619  0.4488  0.0220  -2.2006   0.0000   0.5760
  -2.000   0.9480   0.01416   0.00666  -0.2668  0.4238  0.0233  -1.6098   0.0000   0.5322
  -1.000   1.0797   0.01424   0.00650  -0.2704  0.4059  0.0262  -1.5342   0.0000   0.4992
   0.000   1.2080   0.01450   0.00675  -0.2733  0.3919  0.0789  -1.6710   0.0000   0.4730
   1.000   1.3271   0.01519   0.00766  -0.2745  0.3792  0.2576  -1.8055   0.0000   0.4517
   2.000   1.4365   0.01583   0.00836  -0.2733  0.3715  0.2956  -1.9422   0.0000   0.4332
   3.000   1.5450   0.01679   0.00929  -0.2721  0.3619  0.3338  -2.0844   0.0000   0.4173
   4.000   1.6524   0.01765   0.01028  -0.2709  0.3550  0.3866  -2.2273   0.0000   0.4032
   5.000   1.7572   0.01863   0.01146  -0.2693  0.3480  0.4728  -2.3738   0.0000   0.3906
   6.000   1.8577   0.02000   0.01284  -0.2669  0.3396  0.5000  -2.5306   0.0000   0.3791
   7.000   1.9489   0.02118   0.01415  -0.2628  0.3328  0.5000  -2.6928   0.0000   0.3683
   8.000   2.0375   0.02280   0.01578  -0.2586  0.3239  0.5000  -2.8693   0.0000   0.3582
   9.000   2.1193   0.02435   0.01758  -0.2532  0.3167  0.5000  -3.0629   0.0000   0.3486
  10.000   2.1936   0.02629   0.01965  -0.2469  0.3075  0.5000  -3.2748   0.0000   0.3395
  11.000   2.2627   0.02850   0.02212  -0.2401  0.2977  0.5000  -3.5501   0.0000   0.3308
  12.000   2.3207   0.03134   0.02515  -0.2322  0.2847  0.5000  -3.8428   0.0000   0.3223
  13.000   2.3714   0.03498   0.02901  -0.2241  0.2712  0.5000  -4.1391   0.0000   0.3143
  14.000   2.4155   0.03953   0.03384  -0.2162  0.2561  0.5000  -4.4400   0.0000   0.3067
  15.000   2.4434   0.04600   0.04059  -0.2081  0.2377  0.5000  -4.7161   0.0000   0.2997
  16.000   2.4461   0.05595   0.05081  -0.2003  0.2157  0.5000  -4.9372   0.0000   0.2936
  17.000   2.3986   0.07394   0.06909  -0.1947  0.1898  0.5000  -5.0383   0.0000   0.2898


