xflr5 v6.10.03

 Calculated polar for: S1223 MOD2015 FLAP

 1 1 Reynolds number fixed          Mach number fixed         

 xtrf =   0.500 (top)        0.500 (bottom)
 Mach =   0.080     Re =     0.840 e 6     Ncrit =   9.000

  alpha     CL        CD       CDp       Cm    Top Xtr Bot Xtr   Cpmin    Chinge    XCp    
 ------- -------- --------- --------- -------- ------- ------- -------- --------- ---------
  -5.000   0.2630   0.07797   0.07494  -0.0689  0.4824  0.0227  -1.2570  -0.0001   0.5139
  -4.000   0.3555   0.05876   0.05558  -0.0948  0.4596  0.0214  -1.8024   0.0014   0.5176
  -2.000   1.6187   0.07529   0.06958  -0.3119  0.3764  0.2554  -2.0065   0.0139   0.4391
  -1.000   1.7189   0.07704   0.07121  -0.3095  0.3646  0.2827  -2.1431   0.0140   0.4242
   0.000   1.8173   0.07863   0.07283  -0.3068  0.3574  0.3035  -2.2885   0.0142   0.4108
   1.000   1.9113   0.08025   0.07444  -0.3035  0.3489  0.3321  -2.4339   0.0143   0.3986
   2.000   2.0028   0.08173   0.07595  -0.2999  0.3410  0.3669  -2.5770   0.0144   0.3873
   3.000   2.0902   0.08328   0.07764  -0.2958  0.3346  0.4074  -2.7274   0.0145   0.3767
   4.000   2.1709   0.08491   0.07931  -0.2907  0.3260  0.4480  -2.8841   0.0146   0.3668
   5.000   2.2480   0.08648   0.08105  -0.2853  0.3188  0.4902  -3.0555   0.0147   0.3574
   6.000   2.3154   0.08883   0.08356  -0.2787  0.3105  0.5000  -3.2388   0.0148   0.3484
   7.000   2.3759   0.09143   0.08629  -0.2714  0.3011  0.5000  -3.4380   0.0149   0.3398
   8.000   2.4318   0.09437   0.08937  -0.2639  0.2894  0.5000  -3.7116   0.0150   0.3314
   9.000   2.4787   0.09799   0.09321  -0.2557  0.2767  0.5000  -4.0035   0.0152   0.3233
  10.000   2.5161   0.10242   0.09783  -0.2472  0.2632  0.5000  -4.2908   0.0153   0.3155
  11.000   2.5413   0.10806   0.10362  -0.2384  0.2426  0.5000  -4.5728   0.0155   0.3081
  12.000   2.5363   0.11709   0.11272  -0.2293  0.2115  0.5000  -4.7915   0.0157   0.3014
  13.000   2.4971   0.13037   0.12608  -0.2221  0.1774  0.5000  -4.9222   0.0162   0.2963
  14.000   2.4457   0.14562   0.14156  -0.2202  0.1524  0.5000  -5.0024   0.0166   0.2936
  15.000   2.3795   0.16332   0.15951  -0.2238  0.1321  0.5000  -5.0242   0.0172   0.2935
  16.000   2.3232   0.17994   0.17638  -0.2303  0.1145  0.5000  -5.0539   0.0177   0.2945
  17.000   2.2755   0.19538   0.19197  -0.2383  0.0971  0.5000  -5.0968   0.0182   0.2959


