xflr5 v6.10.03

 Calculated polar for: S1223 MOD2015 FLAP

 1 1 Reynolds number fixed          Mach number fixed         

 xtrf =   0.500 (top)        0.500 (bottom)
 Mach =   0.000     Re =     0.360 e 6     Ncrit =   9.000

  alpha     CL        CD       CDp       Cm    Top Xtr Bot Xtr   Cpmin    Chinge    XCp    
 ------- -------- --------- --------- -------- ------- ------- -------- --------- ---------
  -5.000   0.9339   0.05133   0.04547  -0.2498  0.5000  0.0351  -1.7893   0.0091   0.5215
  -4.000   1.1209   0.05537   0.04921  -0.2632  0.4764  0.0399  -1.4936   0.0103   0.4861
  -3.000   1.4666   0.06974   0.06332  -0.3053  0.4383  0.2558  -1.8121   0.0129   0.4570
  -2.000   1.5702   0.07051   0.06389  -0.3034  0.4220  0.2980  -1.9418   0.0129   0.4398
  -1.000   1.6800   0.07206   0.06526  -0.3025  0.4083  0.3225  -2.0851   0.0131   0.4245
   0.000   1.7902   0.07361   0.06678  -0.3018  0.3973  0.3466  -2.2372   0.0134   0.4108
   1.000   1.8942   0.07497   0.06806  -0.3001  0.3869  0.3785  -2.3878   0.0135   0.3985
   2.000   1.9905   0.07594   0.06918  -0.2972  0.3778  0.4170  -2.5326   0.0136   0.3872
   3.000   2.0782   0.07711   0.07047  -0.2932  0.3692  0.4577  -2.6849   0.0138   0.3767
   4.000   2.1637   0.07737   0.07085  -0.2888  0.3601  0.4997  -2.8451   0.0138   0.3669
   5.000   2.2457   0.08014   0.07382  -0.2845  0.3509  0.5000  -3.0223   0.0141   0.3577
   6.000   2.3273   0.08106   0.07479  -0.2801  0.3411  0.5000  -3.2225   0.0141   0.3490
   7.000   2.3725   0.08494   0.07904  -0.2709  0.3315  0.5000  -3.4030   0.0144   0.3402
   9.000   2.4537   0.09291   0.08755  -0.2529  0.3092  0.5000  -3.9213   0.0148   0.3236
  10.000   2.4700   0.09937   0.09437  -0.2424  0.2955  0.5000  -4.1626   0.0151   0.3157
  11.000   2.4832   0.10630   0.10161  -0.2330  0.2821  0.5000  -4.4060   0.0153   0.3083
  12.000   2.4841   0.11489   0.11054  -0.2245  0.2671  0.5000  -4.6285   0.0156   0.3016
  13.000   2.4660   0.12613   0.12222  -0.2180  0.2490  0.5000  -4.8024   0.0159   0.2961
  14.000   2.4335   0.13926   0.13575  -0.2149  0.2278  0.5000  -4.9293   0.0163   0.2923
  15.000   2.3834   0.15476   0.15145  -0.2164  0.2041  0.5000  -5.0011   0.0168   0.2907
  16.000   2.3262   0.17151   0.16850  -0.2222  0.1788  0.5000  -5.0294   0.0173   0.2913
  17.000   2.2778   0.18689   0.18403  -0.2298  0.1551  0.5000  -5.0703   0.0178   0.2924


