xflr5 v6.10.03

 Calculated polar for: S1223 MOD2015

 1 1 Reynolds number fixed          Mach number fixed         

 xtrf =   0.500 (top)        0.500 (bottom)
 Mach =   0.000     Re =     0.540 e 6     Ncrit =   9.000

  alpha     CL        CD       CDp       Cm    Top Xtr Bot Xtr   Cpmin    Chinge    XCp    
 ------- -------- --------- --------- -------- ------- ------- -------- --------- ---------
  -4.000   0.3255   0.03876   0.03446  -0.1488  0.5000  0.0236  -2.6737   0.0000   0.7176
  -3.000   0.8014   0.01477   0.00750  -0.2596  0.4561  0.0232  -2.2157   0.0000   0.5773
  -2.000   0.9446   0.01444   0.00686  -0.2661  0.4304  0.0249  -1.6005   0.0000   0.5325
  -1.000   1.0749   0.01461   0.00676  -0.2694  0.4116  0.0278  -1.5291   0.0000   0.4993
   0.000   1.2107   0.01481   0.00707  -0.2742  0.3965  0.1447  -1.6708   0.0000   0.4732
   1.000   1.3231   0.01549   0.00789  -0.2737  0.3852  0.2662  -1.8010   0.0000   0.4517
   2.000   1.4329   0.01637   0.00872  -0.2726  0.3758  0.3017  -1.9369   0.0000   0.4332
   3.000   1.5418   0.01716   0.00955  -0.2715  0.3672  0.3398  -2.0795   0.0000   0.4172
   4.000   1.6519   0.01827   0.01071  -0.2709  0.3584  0.3949  -2.2238   0.0000   0.4033
   5.000   1.7573   0.01921   0.01191  -0.2693  0.3519  0.4851  -2.3711   0.0000   0.3907
   6.000   1.8564   0.02051   0.01318  -0.2667  0.3434  0.5000  -2.5275   0.0000   0.3791
   7.000   1.9501   0.02185   0.01465  -0.2632  0.3364  0.5000  -2.6914   0.0000   0.3684
   8.000   2.0360   0.02327   0.01618  -0.2583  0.3284  0.5000  -2.8655   0.0000   0.3582
   9.000   2.1210   0.02511   0.01815  -0.2537  0.3198  0.5000  -3.0623   0.0000   0.3488
  10.000   2.1931   0.02695   0.02023  -0.2469  0.3111  0.5000  -3.2719   0.0000   0.3395
  11.000   2.2602   0.02937   0.02285  -0.2398  0.3009  0.5000  -3.5438   0.0000   0.3308
  12.000   2.3142   0.03233   0.02599  -0.2312  0.2881  0.5000  -3.8289   0.0000   0.3222
  13.000   2.3657   0.03576   0.02977  -0.2232  0.2752  0.5000  -4.1262   0.0000   0.3141
  14.000   2.4077   0.04046   0.03477  -0.2152  0.2607  0.5000  -4.4214   0.0000   0.3066
  15.000   2.4305   0.04737   0.04193  -0.2068  0.2424  0.5000  -4.6859   0.0000   0.2996
  16.000   2.4299   0.05779   0.05265  -0.1991  0.2220  0.5000  -4.8981   0.0000   0.2936
  17.000   2.3901   0.07493   0.07013  -0.1941  0.1985  0.5000  -5.0148   0.0000   0.2898


