xflr5 v6.10.03

 Calculated polar for: S1223 MOD2015 FLAP

 1 1 Reynolds number fixed          Mach number fixed         

 xtrf =   0.500 (top)        0.500 (bottom)
 Mach =   0.080     Re =     0.820 e 6     Ncrit =   9.000

  alpha     CL        CD       CDp       Cm    Top Xtr Bot Xtr   Cpmin    Chinge    XCp    
 ------- -------- --------- --------- -------- ------- ------- -------- --------- ---------
  -4.000   1.2594   0.06249   0.05682  -0.2884  0.4137  0.0265  -1.6148   0.0119   0.4802
  -3.000   1.5034   0.07279   0.06709  -0.3116  0.3899  0.1906  -1.8620   0.0136   0.4560
  -2.000   1.6175   0.07528   0.06954  -0.3117  0.3773  0.2564  -2.0051   0.0138   0.4391
  -1.000   1.7178   0.07703   0.07118  -0.3093  0.3661  0.2837  -2.1419   0.0140   0.4243
   0.000   1.8161   0.07862   0.07278  -0.3066  0.3581  0.3045  -2.2869   0.0142   0.4108
   1.000   1.9103   0.08023   0.07440  -0.3033  0.3499  0.3331  -2.4325   0.0143   0.3986
   2.000   2.0019   0.08170   0.07589  -0.2997  0.3415  0.3680  -2.5755   0.0144   0.3872
   3.000   2.0892   0.08327   0.07760  -0.2956  0.3354  0.4086  -2.7259   0.0145   0.3767
   4.000   2.1700   0.08491   0.07930  -0.2905  0.3271  0.4493  -2.8829   0.0146   0.3668
   5.000   2.2469   0.08645   0.08101  -0.2851  0.3195  0.4914  -3.0538   0.0147   0.3574
   6.000   2.3147   0.08877   0.08349  -0.2786  0.3113  0.5000  -3.2377   0.0148   0.3484
   7.000   2.3744   0.09145   0.08628  -0.2712  0.3017  0.5000  -3.4357   0.0149   0.3397
   8.000   2.4307   0.09436   0.08936  -0.2637  0.2905  0.5000  -3.7095   0.0150   0.3314
   9.000   2.4766   0.09811   0.09332  -0.2555  0.2775  0.5000  -3.9992   0.0152   0.3233
  10.000   2.5134   0.10260   0.09800  -0.2469  0.2642  0.5000  -4.2851   0.0153   0.3155
  11.000   2.5398   0.10814   0.10371  -0.2383  0.2448  0.5000  -4.5688   0.0155   0.3081
  12.000   2.5360   0.11704   0.11270  -0.2292  0.2151  0.5000  -4.7902   0.0157   0.3014
  13.000   2.4993   0.13002   0.12577  -0.2221  0.1807  0.5000  -4.9268   0.0161   0.2963
  14.000   2.4446   0.14568   0.14163  -0.2201  0.1546  0.5000  -4.9990   0.0166   0.2936
  15.000   2.3810   0.16301   0.15922  -0.2236  0.1339  0.5000  -5.0284   0.0172   0.2934
  16.000   2.3213   0.18015   0.17660  -0.2304  0.1160  0.5000  -5.0468   0.0177   0.2946
  17.000   2.2758   0.19523   0.19185  -0.2382  0.0989  0.5000  -5.0974   0.0182   0.2958


