xflr5 v6.10.03

 Calculated polar for: S1223 MOD2015 FLAP

 1 1 Reynolds number fixed          Mach number fixed         

 xtrf =   0.500 (top)        0.500 (bottom)
 Mach =   0.080     Re =     0.340 e 6     Ncrit =   9.000

  alpha     CL        CD       CDp       Cm    Top Xtr Bot Xtr   Cpmin    Chinge    XCp    
 ------- -------- --------- --------- -------- ------- ------- -------- --------- ---------
  -5.000   0.9362   0.05143   0.04546  -0.2506  0.5000  0.0361  -1.7944   0.0091   0.5217
  -4.000   1.1091   0.05465   0.04846  -0.2611  0.4803  0.0409  -1.4883   0.0101   0.4867
  -3.000   1.4671   0.06918   0.06270  -0.3052  0.4412  0.2576  -1.8167   0.0128   0.4568
  -2.000   1.5689   0.06961   0.06292  -0.3028  0.4246  0.3001  -1.9451   0.0128   0.4396
  -1.000   1.6796   0.07155   0.06475  -0.3020  0.4111  0.3249  -2.0893   0.0130   0.4242
   0.000   1.7952   0.07300   0.06609  -0.3020  0.3998  0.3497  -2.2469   0.0133   0.4105
   1.000   1.7799   0.06403   0.05788  -0.2590  0.3820  0.3831  -2.2505   0.0125   0.3845
   2.000   1.8465   0.06517   0.05932  -0.2518  0.3734  0.4165  -2.3729   0.0127   0.3732
   3.000   1.9287   0.06447   0.05865  -0.2472  0.3636  0.4544  -2.5239   0.0127   0.3629
   4.000   1.9723   0.06658   0.06116  -0.2375  0.3549  0.4909  -2.6434   0.0129   0.3528
   5.000   2.0388   0.06803   0.06272  -0.2313  0.3447  0.5000  -2.8109   0.0131   0.3435
   6.000   2.0629   0.07236   0.06750  -0.2204  0.3343  0.5000  -2.9375   0.0134   0.3342
   7.000   2.1149   0.07324   0.06845  -0.2133  0.3226  0.5000  -3.1468   0.0135   0.3257
   8.000   2.0743   0.08266   0.07853  -0.1980  0.3109  0.5000  -3.2603   0.0138   0.3173
   9.000   2.0501   0.09080   0.08710  -0.1873  0.2975  0.5000  -3.3999   0.0141   0.3101
  10.000   2.0022   0.10194   0.09867  -0.1787  0.2812  0.5000  -3.4926   0.0144   0.3046
  11.000   1.9062   0.11906   0.11636  -0.1743  0.2606  0.5000  -3.4605   0.0148   0.3030
  12.000   1.8339   0.13419   0.13179  -0.1739  0.2375  0.5000  -3.4644   0.0151   0.3028
  13.000   1.7206   0.15659   0.15459  -0.1787  0.2081  0.5000  -3.3294   0.0155   0.3080
  14.000   1.6592   0.17303   0.17123  -0.1826  0.1820  0.5000  -3.3083   0.0157   0.3106
  15.000   1.6481   0.18113   0.17934  -0.1833  0.1608  0.5000  -3.4302   0.0159   0.3081
  16.000   1.5933   0.19805   0.19648  -0.1885  0.1378  0.5000  -3.4043   0.0161   0.3115
  17.000   1.5802   0.20663   0.20505  -0.1901  0.1194  0.5000  -3.5225   0.0162   0.3096


