xflr5 v6.10.03

 Calculated polar for: S1223 MOD2015

 1 1 Reynolds number fixed          Mach number fixed         

 xtrf =   0.500 (top)        0.500 (bottom)
 Mach =   0.000     Re =     0.920 e 6     Ncrit =   9.000

  alpha     CL        CD       CDp       Cm    Top Xtr Bot Xtr   Cpmin    Chinge    XCp    
 ------- -------- --------- --------- -------- ------- ------- -------- --------- ---------
  -5.000   0.5497   0.01433   0.00842  -0.2538  0.4889  0.0162  -3.8205   0.0000   0.7223
  -4.000   0.7075   0.01311   0.00662  -0.2642  0.4511  0.0173  -2.9447   0.0000   0.6296
  -3.000   0.8466   0.01276   0.00593  -0.2697  0.4224  0.0182  -2.2096   0.0000   0.5718
  -2.000   0.9774   0.01275   0.00565  -0.2731  0.3999  0.0189  -1.6173   0.0000   0.5302
  -1.000   1.1019   0.01288   0.00562  -0.2751  0.3857  0.0205  -1.5552   0.0000   0.4983
   0.000   1.2219   0.01320   0.00583  -0.2760  0.3735  0.0260  -1.6880   0.0000   0.4726
   1.000   1.3492   0.01352   0.00650  -0.2790  0.3619  0.2227  -1.8289   0.0000   0.4516
   2.000   1.4581   0.01411   0.00718  -0.2777  0.3550  0.2745  -1.9666   0.0000   0.4334
   3.000   1.5651   0.01484   0.00793  -0.2761  0.3471  0.3124  -2.1096   0.0000   0.4176
   4.000   1.6695   0.01577   0.00893  -0.2742  0.3396  0.3601  -2.2511   0.0000   0.4035
   5.000   1.7730   0.01657   0.00991  -0.2722  0.3340  0.4317  -2.3957   0.0000   0.3909
   6.000   1.8708   0.01770   0.01114  -0.2693  0.3259  0.5000  -2.5515   0.0000   0.3793
   7.000   1.9646   0.01886   0.01238  -0.2657  0.3194  0.5000  -2.7159   0.0000   0.3686
   8.000   2.0540   0.02004   0.01366  -0.2614  0.3124  0.5000  -2.8946   0.0000   0.3585
   9.000   2.1367   0.02171   0.01540  -0.2562  0.3032  0.5000  -3.0906   0.0000   0.3490
  10.000   2.2196   0.02309   0.01696  -0.2513  0.2949  0.5000  -3.3162   0.0000   0.3401
  11.000   2.2941   0.02504   0.01904  -0.2453  0.2829  0.5000  -3.6094   0.0000   0.3315
  12.000   2.3607   0.02752   0.02165  -0.2385  0.2695  0.5000  -3.9223   0.0000   0.3232
  13.000   2.4204   0.03059   0.02487  -0.2312  0.2541  0.5000  -4.2390   0.0000   0.3152
  14.000   2.4673   0.03481   0.02923  -0.2231  0.2328  0.5000  -4.5549   0.0000   0.3076
  15.000   2.4760   0.04282   0.03724  -0.2121  0.1970  0.5000  -4.7952   0.0000   0.3002
  16.000   2.4482   0.05597   0.05047  -0.2017  0.1644  0.5000  -4.9510   0.0000   0.2940
  17.000   2.3971   0.07486   0.06968  -0.1963  0.1433  0.5000  -5.0428   0.0000   0.2905


