xflr5 v6.10.03

 Calculated polar for: S1223 MOD2015 FLAP

 1 1 Reynolds number fixed          Mach number fixed         

 xtrf =   0.500 (top)        0.500 (bottom)
 Mach =   0.080     Re =     0.260 e 6     Ncrit =   9.000

  alpha     CL        CD       CDp       Cm    Top Xtr Bot Xtr   Cpmin    Chinge    XCp    
 ------- -------- --------- --------- -------- ------- ------- -------- --------- ---------
  -5.000   0.2633   0.08234   0.07814  -0.0659  0.5000  0.0499  -0.9597  -0.0002   0.5011
  -4.000   0.6273   0.04630   0.04149  -0.1670  0.5000  0.0437  -1.8468   0.0047   0.5178
  -3.000   0.5730   0.05057   0.04611  -0.1307  0.5000  0.0546  -1.2537   0.0031   0.4766
  -1.000   1.6620   0.06757   0.06043  -0.2985  0.4292  0.3404  -2.0651   0.0124   0.4242
   0.000   1.7823   0.06947   0.06231  -0.2993  0.4170  0.3658  -2.2245   0.0127   0.4104
   1.000   1.9088   0.07026   0.06287  -0.3010  0.4047  0.4009  -2.3950   0.0129   0.3980
   2.000   1.9926   0.07200   0.06492  -0.2961  0.3951  0.4353  -2.5279   0.0131   0.3867
   3.000   2.0885   0.07227   0.06522  -0.2931  0.3859  0.4754  -2.6889   0.0131   0.3763
   4.000   2.1790   0.07457   0.06779  -0.2897  0.3760  0.5000  -2.8558   0.0134   0.3666
   5.000   2.2762   0.07664   0.06990  -0.2875  0.3657  0.5000  -3.0528   0.0136   0.3576
   6.000   2.3395   0.07960   0.07322  -0.2804  0.3554  0.5000  -3.2314   0.0139   0.3487
   7.000   2.4082   0.08143   0.07517  -0.2743  0.3448  0.5000  -3.4484   0.0140   0.3403
   8.000   2.4384   0.08628   0.08052  -0.2635  0.3333  0.5000  -3.6826   0.0143   0.3317
   9.000   2.4835   0.08946   0.08388  -0.2551  0.3211  0.5000  -3.9670   0.0145   0.3236
  10.000   2.4821   0.09689   0.09177  -0.2423  0.3075  0.5000  -4.1769   0.0149   0.3155
  11.000   2.4702   0.10607   0.10145  -0.2307  0.2928  0.5000  -4.3666   0.0153   0.3080
  12.000   2.4565   0.11626   0.11210  -0.2218  0.2777  0.5000  -4.5559   0.0156   0.3015
  13.000   2.4301   0.12874   0.12503  -0.2159  0.2609  0.5000  -4.7070   0.0161   0.2964
  14.000   2.3883   0.14372   0.14043  -0.2144  0.2407  0.5000  -4.8053   0.0165   0.2934
  15.000   2.3468   0.15859   0.15554  -0.2168  0.2177  0.5000  -4.8886   0.0170   0.2920
  16.000   2.2926   0.17539   0.17260  -0.2235  0.1922  0.5000  -4.9175   0.0175   0.2930
  17.000   2.2523   0.18986   0.18723  -0.2311  0.1673  0.5000  -4.9714   0.0179   0.2939


