xflr5 v6.10.03

 Calculated polar for: S1223 MOD2015

 1 1 Reynolds number fixed          Mach number fixed         

 xtrf =   0.500 (top)        0.500 (bottom)
 Mach =   0.080     Re =     0.720 e 6     Ncrit =   9.000

  alpha     CL        CD       CDp       Cm    Top Xtr Bot Xtr   Cpmin    Chinge    XCp    
 ------- -------- --------- --------- -------- ------- ------- -------- --------- ---------
  -5.000   0.3157   0.06393   0.05988  -0.1243  0.5000  0.0206  -1.6589   0.0000   0.6564
  -4.000   0.3286   0.05704   0.05300  -0.1208  0.4745  0.0218  -1.5762   0.0000   0.6261
  -3.000   0.8213   0.01382   0.00682  -0.2642  0.4365  0.0200  -2.2206   0.0000   0.5749
  -2.000   0.9633   0.01352   0.00622  -0.2702  0.4131  0.0211  -1.6294   0.0000   0.5312
  -1.000   1.0899   0.01373   0.00622  -0.2725  0.3961  0.0234  -1.5489   0.0000   0.4987
   1.000   1.3407   0.01438   0.00715  -0.2769  0.3725  0.2408  -1.8254   0.0000   0.4514
   2.000   1.4481   0.01525   0.00797  -0.2752  0.3622  0.2846  -1.9615   0.0000   0.4330
   3.000   1.5563   0.01601   0.00880  -0.2738  0.3554  0.3220  -2.1049   0.0000   0.4170
   4.000   1.6630   0.01686   0.00974  -0.2722  0.3479  0.3733  -2.2494   0.0000   0.4029
   5.000   1.7673   0.01808   0.01108  -0.2704  0.3400  0.4520  -2.3944   0.0000   0.3903
   6.000   1.8661   0.01905   0.01224  -0.2674  0.3337  0.5000  -2.5518   0.0000   0.3787
   7.000   1.9581   0.02043   0.01361  -0.2634  0.3257  0.5000  -2.7157   0.0000   0.3678
   8.000   2.0472   0.02187   0.01520  -0.2589  0.3186  0.5000  -2.8936   0.0000   0.3577
   9.000   2.1297   0.02340   0.01687  -0.2535  0.3103  0.5000  -3.0901   0.0000   0.3481
  10.000   2.2072   0.02539   0.01902  -0.2476  0.3013  0.5000  -3.3067   0.0000   0.3390
  11.000   2.2777   0.02751   0.02132  -0.2409  0.2908  0.5000  -3.5879   0.0000   0.3303
  12.000   2.3438   0.03004   0.02407  -0.2340  0.2772  0.5000  -3.8986   0.0000   0.3220
  13.000   2.4006   0.03344   0.02769  -0.2265  0.2638  0.5000  -4.2105   0.0000   0.3140
  14.000   2.4448   0.03808   0.03253  -0.2183  0.2464  0.5000  -4.5183   0.0000   0.3064
  15.000   2.4660   0.04525   0.03988  -0.2092  0.2252  0.5000  -4.7849   0.0000   0.2993
  16.000   2.4511   0.05732   0.05212  -0.2004  0.1960  0.5000  -4.9704   0.0000   0.2933
  17.000   2.3843   0.07862   0.07371  -0.1954  0.1683  0.5000  -5.0227   0.0000   0.2904


