XFLR5 v6.09.06

 Calculated polar for: S1223 MOD2015

 1 1 Reynolds number fixed          Mach number fixed         

 xtrf =   1.000 (top)        1.000 (bottom)
 Mach =   0.000     Re =     0.480 e 6     Ncrit =   9.000

  alpha     CL        CD       CDp       Cm    Top Xtr Bot Xtr   Cpmin    Chinge    XCp    
 ------- -------- --------- --------- -------- ------- ------- -------- --------- ---------
 -10.000   0.0492   0.12530   0.12284  -0.0796  0.9603  0.0175  -1.1802   0.0000   2.0193
  -9.500   0.0879   0.11837   0.11591  -0.0868  0.9573  0.0180  -1.1484   0.0000   1.3210
  -9.000   0.1125   0.11233   0.10989  -0.0901  0.9485  0.0186  -1.1499   0.0000   1.1124
  -8.500   0.1362   0.10607   0.10365  -0.0936  0.9384  0.0195  -1.1984   0.0000   0.9855
  -8.000   0.1469   0.09878   0.09638  -0.0990  0.9256  0.0201  -1.5356   0.0000   0.9673
  -7.500   0.1726   0.09370   0.09133  -0.0987  0.9087  0.0204  -1.3870   0.0000   0.8557
  -7.000   0.2039   0.08838   0.08599  -0.1017  0.8800  0.0212  -1.2932   0.0000   0.7752
  -6.500   0.3374   0.07397   0.07101  -0.1365  0.8007  0.0243  -1.3424   0.0000   0.6718
  -6.000   0.3457   0.07196   0.06809  -0.1336  0.6369  0.0253  -1.2862   0.0000   0.6513
  -5.500   0.3222   0.06775   0.06370  -0.1303  0.5887  0.0273  -1.5807   0.0000   0.6687
  -5.000   0.3211   0.06566   0.06146  -0.1247  0.5506  0.0279  -1.4894   0.0000   0.6504
  -4.500   0.3254   0.06389   0.05961  -0.1198  0.5247  0.0288  -1.3659   0.0000   0.6283
  -4.000   0.6346   0.01669   0.00995  -0.2474  0.5023  0.0231  -2.9512   0.0000   0.6465
  -3.500   0.7179   0.01574   0.00854  -0.2536  0.4809  0.0237  -2.5990   0.0000   0.6081
  -3.000   0.7953   0.01520   0.00779  -0.2584  0.4633  0.0246  -2.2215   0.0000   0.5782
  -2.500   0.8677   0.01496   0.00741  -0.2618  0.4498  0.0254  -1.8674   0.0000   0.5537
  -2.000   0.9359   0.01497   0.00724  -0.2642  0.4375  0.0268  -1.5926   0.0000   0.5332
  -1.500   1.0052   0.01493   0.00706  -0.2669  0.4266  0.0283  -1.4561   0.0000   0.5152
  -1.000   1.0705   0.01510   0.00707  -0.2686  0.4175  0.0302  -1.5239   0.0000   0.4996
  -0.500   1.1340   0.01521   0.00712  -0.2698  0.4102  0.0345  -1.5911   0.0000   0.4856
   0.000   1.2089   0.01525   0.00741  -0.2739  0.4021  0.1821  -1.6673   0.0000   0.4733
   0.500   1.2657   0.01561   0.00786  -0.2738  0.3961  0.2417  -1.7307   0.0000   0.4621
   1.000   1.3192   0.01601   0.00827  -0.2729  0.3910  0.2732  -1.7954   0.0000   0.4517
   1.500   1.3745   0.01642   0.00864  -0.2724  0.3859  0.2907  -1.8623   0.0000   0.4421
   2.000   1.4319   0.01703   0.00915  -0.2725  0.3799  0.3104  -1.9336   0.0000   0.4333
   2.500   1.4867   0.01736   0.00954  -0.2719  0.3762  0.3270  -2.0045   0.0000   0.4250
   3.000   1.5414   0.01776   0.00999  -0.2715  0.3722  0.3475  -2.0758   0.0000   0.4173
   3.500   1.5957   0.01821   0.01048  -0.2709  0.3680  0.3724  -2.1473   0.0000   0.4100
   4.000   1.6498   0.01879   0.01105  -0.2705  0.3634  0.4042  -2.2192   0.0000   0.4032
   4.500   1.7082   0.01945   0.01178  -0.2709  0.3591  0.4469  -2.2945   0.0000   0.3970
   5.000   1.7604   0.01993   0.01244  -0.2701  0.3562  0.4997  -2.3708   0.0000   0.3908
   5.500   1.8120   0.02045   0.01314  -0.2692  0.3524  0.5690  -2.4500   0.0000   0.3850
   6.000   1.8640   0.02103   0.01391  -0.2684  0.3482  0.6700  -2.5320   0.0000   0.3794
   7.000   1.9578   0.02226   0.01542  -0.2649  0.3399  1.0000  -2.6964   0.0000   0.3687
   7.500   1.9999   0.02295   0.01621  -0.2622  0.3365  1.0000  -2.7819   0.0000   0.3635
   8.000   2.0418   0.02371   0.01703  -0.2596  0.3323  1.0000  -2.8690   0.0000   0.3585
   8.500   2.0829   0.02453   0.01789  -0.2570  0.3281  1.0000  -2.9661   0.0000   0.3536
   9.000   2.1321   0.02562   0.01892  -0.2561  0.3225  1.0000  -3.0726   0.0000   0.3493
   9.500   2.1642   0.02654   0.02002  -0.2518  0.3191  1.0000  -3.1671   0.0000   0.3444
  10.000   2.1988   0.02754   0.02117  -0.2482  0.3147  1.0000  -3.2767   0.0000   0.3398
  10.500   2.2312   0.02865   0.02235  -0.2443  0.3098  1.0000  -3.4012   0.0000   0.3353
  11.000   2.2662   0.03003   0.02374  -0.2411  0.3038  1.0000  -3.5519   0.0000   0.3311
  11.500   2.2920   0.03139   0.02533  -0.2364  0.2992  1.0000  -3.6887   0.0000   0.3266
  12.000   2.3159   0.03291   0.02698  -0.2317  0.2927  1.0000  -3.8294   0.0000   0.3223
  12.500   2.3387   0.03483   0.02897  -0.2272  0.2859  1.0000  -3.9721   0.0000   0.3182
  13.000   2.3618   0.03671   0.03107  -0.2229  0.2793  1.0000  -4.1164   0.0000   0.3142
  13.500   2.3800   0.03917   0.03360  -0.2184  0.2725  1.0000  -4.2544   0.0000   0.3103
  14.000   2.3999   0.04166   0.03632  -0.2145  0.2654  1.0000  -4.4026   0.0000   0.3066
  14.500   2.4111   0.04500   0.03975  -0.2101  0.2569  1.0000  -4.5340   0.0000   0.3030
  15.000   2.4223   0.04862   0.04356  -0.2062  0.2477  1.0000  -4.6653   0.0000   0.2996
  15.500   2.4220   0.05365   0.04871  -0.2020  0.2382  1.0000  -4.7714   0.0000   0.2965
  16.000   2.4191   0.05939   0.05462  -0.1986  0.2276  1.0000  -4.8705   0.0000   0.2938
  16.500   2.4068   0.06672   0.06214  -0.1958  0.2167  1.0000  -4.9461   0.0000   0.2915
  17.000   2.3790   0.07674   0.07234  -0.1940  0.2054  1.0000  -4.9839   0.0000   0.2901


