xflr5 v6.10.03

 Calculated polar for: S1223 MOD2015

 1 1 Reynolds number fixed          Mach number fixed         

 xtrf =   0.500 (top)        0.500 (bottom)
 Mach =   0.000     Re =     0.720 e 6     Ncrit =   9.000

  alpha     CL        CD       CDp       Cm    Top Xtr Bot Xtr   Cpmin    Chinge    XCp    
 ------- -------- --------- --------- -------- ------- ------- -------- --------- ---------
  -5.000   0.3120   0.06371   0.05966  -0.1240  0.5000  0.0206  -1.6729   0.0000   0.6602
  -4.000   0.3273   0.05659   0.05256  -0.1212  0.4765  0.0219  -1.5889   0.0000   0.6290
  -3.000   0.8213   0.01376   0.00674  -0.2639  0.4377  0.0200  -2.2020   0.0000   0.5747
  -2.000   0.9623   0.01345   0.00615  -0.2698  0.4141  0.0211  -1.6154   0.0000   0.5312
  -1.000   1.0878   0.01368   0.00615  -0.2721  0.3968  0.0235  -1.5422   0.0000   0.4988
   0.000   1.2099   0.01403   0.00635  -0.2736  0.3827  0.0336  -1.6757   0.0000   0.4728
   1.000   1.3373   0.01430   0.00708  -0.2765  0.3731  0.2425  -1.8165   0.0000   0.4516
   2.000   1.4443   0.01512   0.00785  -0.2749  0.3631  0.2854  -1.9519   0.0000   0.4333
   3.000   1.5521   0.01591   0.00869  -0.2735  0.3559  0.3232  -2.0940   0.0000   0.4174
   4.000   1.6583   0.01672   0.00961  -0.2720  0.3485  0.3747  -2.2373   0.0000   0.4033
   5.000   1.7622   0.01794   0.01093  -0.2702  0.3404  0.4543  -2.3812   0.0000   0.3907
   6.000   1.8603   0.01889   0.01205  -0.2673  0.3343  0.5000  -2.5370   0.0000   0.3791
   7.000   1.9520   0.02019   0.01337  -0.2633  0.3265  0.5000  -2.6998   0.0000   0.3683
   8.000   2.0408   0.02165   0.01495  -0.2591  0.3191  0.5000  -2.8762   0.0000   0.3582
   9.000   2.1236   0.02310   0.01655  -0.2538  0.3110  0.5000  -3.0719   0.0000   0.3487
  10.000   2.2006   0.02506   0.01865  -0.2480  0.3020  0.5000  -3.2871   0.0000   0.3396
  11.000   2.2721   0.02704   0.02083  -0.2416  0.2918  0.5000  -3.5690   0.0000   0.3309
  12.000   2.3378   0.02951   0.02351  -0.2348  0.2783  0.5000  -3.8772   0.0000   0.3226
  13.000   2.3952   0.03276   0.02697  -0.2274  0.2651  0.5000  -4.1874   0.0000   0.3147
  14.000   2.4413   0.03710   0.03152  -0.2195  0.2481  0.5000  -4.4968   0.0000   0.3071
  15.000   2.4658   0.04374   0.03833  -0.2106  0.2269  0.5000  -4.7683   0.0000   0.2999
  16.000   2.4534   0.05517   0.04990  -0.2013  0.1965  0.5000  -4.9581   0.0000   0.2937
  17.000   2.3924   0.07512   0.07010  -0.1955  0.1681  0.5000  -5.0271   0.0000   0.2903


