XFLR5 v6.09.06

 Calculated polar for: S1223 MOD2015

 1 1 Reynolds number fixed          Mach number fixed         

 xtrf =   1.000 (top)        1.000 (bottom)
 Mach =   0.000     Re =     0.380 e 6     Ncrit =   9.000

  alpha     CL        CD       CDp       Cm    Top Xtr Bot Xtr   Cpmin    Chinge    XCp    
 ------- -------- --------- --------- -------- ------- ------- -------- --------- ---------
  -9.500   0.1793   0.09765   0.09518  -0.0906  0.9267  0.0222  -0.8658   0.0000   0.7818
  -8.500   0.1204   0.10928   0.10663  -0.0893  0.9465  0.0220  -1.1635   0.0000   1.0455
  -8.000   0.1395   0.10222   0.09958  -0.0951  0.9351  0.0235  -1.3792   0.0000   0.9760
  -7.500   0.1566   0.09672   0.09412  -0.0949  0.9173  0.0239  -1.3603   0.0000   0.8926
  -6.500   0.1943   0.08449   0.08189  -0.1029  0.8657  0.0274  -1.5776   0.0000   0.8050
  -6.000   0.3291   0.07161   0.06845  -0.1345  0.7861  0.0315  -1.4363   0.0000   0.6744
  -5.500   0.3498   0.06931   0.06525  -0.1318  0.6335  0.0325  -1.2726   0.0000   0.6399
  -5.000   0.3461   0.06754   0.06321  -0.1262  0.5782  0.0341  -1.2284   0.0000   0.6258
  -4.000   0.3336   0.06048   0.05601  -0.1200  0.5285  0.0371  -1.3421   0.0000   0.6179
  -3.500   0.3502   0.05691   0.05238  -0.1201  0.5096  0.0393  -1.2780   0.0000   0.5990
  -3.000   0.3824   0.04980   0.04523  -0.1293  0.4953  0.0426  -1.3515   0.0000   0.5925
  -2.500   0.5237   0.03377   0.02889  -0.1727  0.4794  0.0506  -1.5446   0.0000   0.5822
  -1.500   0.9969   0.01596   0.00776  -0.2652  0.4404  0.0328  -1.4464   0.0000   0.5158
  -1.000   1.0638   0.01597   0.00770  -0.2672  0.4315  0.0355  -1.5149   0.0000   0.4999
  -0.500   1.1307   0.01620   0.00776  -0.2692  0.4227  0.0441  -1.5839   0.0000   0.4858
   0.000   1.2067   0.01621   0.00817  -0.2735  0.4154  0.2211  -1.6597   0.0000   0.4735
   0.500   1.2603   0.01665   0.00862  -0.2726  0.4087  0.2648  -1.7213   0.0000   0.4622
   1.000   1.3167   0.01719   0.00904  -0.2724  0.4023  0.2878  -1.7883   0.0000   0.4518
   1.500   1.3753   0.01770   0.00951  -0.2727  0.3972  0.3085  -1.8565   0.0000   0.4422
   2.000   1.4314   0.01807   0.00991  -0.2724  0.3925  0.3261  -1.9271   0.0000   0.4334
   2.500   1.4867   0.01850   0.01030  -0.2720  0.3874  0.3428  -1.9983   0.0000   0.4251
   3.000   1.5452   0.01904   0.01080  -0.2724  0.3824  0.3649  -2.0723   0.0000   0.4175
   3.500   1.6065   0.01965   0.01147  -0.2734  0.3780  0.3928  -2.1480   0.0000   0.4105
   4.000   1.6589   0.02010   0.01204  -0.2725  0.3739  0.4274  -2.2176   0.0000   0.4036
   4.500   1.7133   0.02062   0.01269  -0.2721  0.3697  0.4732  -2.2917   0.0000   0.3972
   5.000   1.7684   0.02120   0.01338  -0.2719  0.3658  0.5327  -2.3716   0.0000   0.3912
   5.500   1.8323   0.02203   0.01430  -0.2736  0.3608  0.6208  -2.4615   0.0000   0.3858
   6.000   1.8835   0.02260   0.01522  -0.2726  0.3573  0.7697  -2.5431   0.0000   0.3802
   7.000   1.9627   0.02364   0.01650  -0.2660  0.3493  1.0000  -2.6944   0.0000   0.3690
   7.500   2.0086   0.02442   0.01726  -0.2642  0.3451  1.0000  -2.7846   0.0000   0.3640
   8.000   2.0630   0.02547   0.01828  -0.2642  0.3402  1.0000  -2.8862   0.0000   0.3595
   8.500   2.0974   0.02630   0.01929  -0.2602  0.3364  1.0000  -2.9751   0.0000   0.3544
   9.000   2.1344   0.02719   0.02029  -0.2567  0.3319  1.0000  -3.0678   0.0000   0.3495
   9.500   2.1716   0.02812   0.02125  -0.2535  0.3273  1.0000  -3.1707   0.0000   0.3449
  10.000   2.2173   0.02930   0.02243  -0.2520  0.3217  1.0000  -3.2947   0.0000   0.3407
  10.500   2.2417   0.03052   0.02390  -0.2466  0.3176  1.0000  -3.4116   0.0000   0.3359
  11.000   2.2672   0.03176   0.02529  -0.2416  0.3121  1.0000  -3.5468   0.0000   0.3313
  11.500   2.2967   0.03310   0.02667  -0.2375  0.3067  1.0000  -3.6908   0.0000   0.3269
  12.000   2.3193   0.03484   0.02861  -0.2325  0.3011  1.0000  -3.8279   0.0000   0.3226
  12.500   2.3343   0.03673   0.03070  -0.2266  0.2943  1.0000  -3.9566   0.0000   0.3182
  13.000   2.3550   0.03877   0.03274  -0.2220  0.2873  1.0000  -4.0972   0.0000   0.3141
  13.500   2.3657   0.04141   0.03572  -0.2164  0.2808  1.0000  -4.2181   0.0000   0.3101
  14.000   2.3785   0.04425   0.03869  -0.2117  0.2740  1.0000  -4.3517   0.0000   0.3063
  14.500   2.3890   0.04763   0.04228  -0.2073  0.2667  1.0000  -4.4800   0.0000   0.3027
  15.000   2.3937   0.05172   0.04654  -0.2030  0.2582  1.0000  -4.5966   0.0000   0.2994
  15.500   2.3945   0.05663   0.05167  -0.1992  0.2491  1.0000  -4.7035   0.0000   0.2963
  16.000   2.3843   0.06314   0.05828  -0.1956  0.2393  1.0000  -4.7850   0.0000   0.2937
  16.500   2.3714   0.07066   0.06607  -0.1933  0.2287  1.0000  -4.8568   0.0000   0.2917
  17.000   2.3467   0.08035   0.07597  -0.1920  0.2179  1.0000  -4.8970   0.0000   0.2904


