xflr5 v6.10.03

 Calculated polar for: S1223 MOD2015 FLAP

 1 1 Reynolds number fixed          Mach number fixed         

 xtrf =   0.500 (top)        0.500 (bottom)
 Mach =   0.000     Re =     0.980 e 6     Ncrit =   9.000

  alpha     CL        CD       CDp       Cm    Top Xtr Bot Xtr   Cpmin    Chinge    XCp    
 ------- -------- --------- --------- -------- ------- ------- -------- --------- ---------
  -5.000   1.0434   0.05534   0.05020  -0.2690  0.4371  0.0222  -1.6843   0.0104   0.5117
  -4.000   1.2757   0.06307   0.05749  -0.2914  0.4037  0.0242  -1.6244   0.0120   0.4796
  -3.000   1.5057   0.07250   0.06690  -0.3121  0.3819  0.1692  -1.8600   0.0136   0.4561
  -2.000   1.6209   0.07506   0.06946  -0.3125  0.3706  0.2478  -2.0045   0.0139   0.4393
  -1.000   1.7219   0.07681   0.07115  -0.3104  0.3603  0.2765  -2.1408   0.0140   0.4245
   0.000   1.8189   0.07833   0.07267  -0.3076  0.3526  0.2975  -2.2849   0.0142   0.4111
   1.000   1.9120   0.07995   0.07424  -0.3043  0.3422  0.3267  -2.4282   0.0143   0.3989
   2.000   2.0030   0.08135   0.07574  -0.3007  0.3377  0.3600  -2.5715   0.0144   0.3877
   3.000   2.0896   0.08288   0.07735  -0.2966  0.3302  0.4009  -2.7198   0.0145   0.3772
   4.000   2.1711   0.08439   0.07892  -0.2918  0.3216  0.4416  -2.8759   0.0146   0.3674
   5.000   2.2489   0.08590   0.08062  -0.2867  0.3153  0.4837  -3.0478   0.0147   0.3581
   6.000   2.3148   0.08819   0.08296  -0.2799  0.3051  0.5000  -3.2288   0.0148   0.3491
   7.000   2.3794   0.09036   0.08534  -0.2733  0.2976  0.5000  -3.4338   0.0149   0.3405
   8.000   2.4356   0.09308   0.08812  -0.2659  0.2842  0.5000  -3.7105   0.0150   0.3322
   9.000   2.4845   0.09637   0.09158  -0.2580  0.2717  0.5000  -4.0057   0.0151   0.3241
  10.000   2.5226   0.10059   0.09595  -0.2494  0.2558  0.5000  -4.2936   0.0152   0.3163
  11.000   2.5432   0.10651   0.10191  -0.2400  0.2264  0.5000  -4.5664   0.0154   0.3088
  12.000   2.5308   0.11619   0.11160  -0.2301  0.1914  0.5000  -4.7674   0.0157   0.3020
  13.000   2.4991   0.12846   0.12398  -0.2227  0.1626  0.5000  -4.9149   0.0161   0.2967
  14.000   2.4535   0.14284   0.13859  -0.2199  0.1405  0.5000  -5.0114   0.0165   0.2934
  15.000   2.3914   0.15984   0.15585  -0.2225  0.1209  0.5000  -5.0499   0.0170   0.2927
  16.000   2.3306   0.17701   0.17325  -0.2288  0.1038  0.5000  -5.0722   0.0176   0.2937
  17.000   2.2799   0.19281   0.18922  -0.2367  0.0871  0.5000  -5.1076   0.0181   0.2951


