xflr5 v6.10.03

 Calculated polar for: S1223 MOD2015

 1 1 Reynolds number fixed          Mach number fixed         

 xtrf =   0.500 (top)        0.500 (bottom)
 Mach =   0.000     Re =     0.660 e 6     Ncrit =   9.000

  alpha     CL        CD       CDp       Cm    Top Xtr Bot Xtr   Cpmin    Chinge    XCp    
 ------- -------- --------- --------- -------- ------- ------- -------- --------- ---------
  -5.000   0.4764   0.01791   0.01222  -0.2357  0.5000  0.0180  -3.7818   0.0000   0.7562
  -4.000   0.6685   0.01478   0.00814  -0.2552  0.4752  0.0197  -2.9776   0.0000   0.6381
  -3.000   0.8193   0.01395   0.00683  -0.2636  0.4418  0.0209  -2.1946   0.0000   0.5751
  -2.000   0.9557   0.01380   0.00640  -0.2685  0.4182  0.0222  -1.6108   0.0000   0.5317
  -1.000   1.0838   0.01401   0.00634  -0.2713  0.3997  0.0248  -1.5381   0.0000   0.4990
   0.000   1.2080   0.01424   0.00652  -0.2732  0.3874  0.0471  -1.6730   0.0000   0.4729
   1.000   1.3323   0.01469   0.00735  -0.2755  0.3763  0.2508  -1.8112   0.0000   0.4516
   2.000   1.4407   0.01540   0.00806  -0.2742  0.3674  0.2903  -1.9476   0.0000   0.4333
   3.000   1.5486   0.01637   0.00901  -0.2729  0.3585  0.3283  -2.0892   0.0000   0.4173
   4.000   1.6551   0.01714   0.00992  -0.2714  0.3516  0.3805  -2.2323   0.0000   0.4032
   5.000   1.7589   0.01826   0.01116  -0.2696  0.3439  0.4631  -2.3772   0.0000   0.3906
   6.000   1.8580   0.01940   0.01243  -0.2669  0.3370  0.5000  -2.5329   0.0000   0.3791
   7.000   1.9499   0.02060   0.01371  -0.2630  0.3297  0.5000  -2.6961   0.0000   0.3682
   8.000   2.0391   0.02225   0.01539  -0.2588  0.3212  0.5000  -2.8726   0.0000   0.3582
   9.000   2.1207   0.02368   0.01704  -0.2534  0.3137  0.5000  -3.0667   0.0000   0.3486
  10.000   2.1970   0.02578   0.01922  -0.2475  0.3039  0.5000  -3.2807   0.0000   0.3396
  11.000   2.2674   0.02769   0.02142  -0.2408  0.2947  0.5000  -3.5597   0.0000   0.3308
  12.000   2.3296   0.03034   0.02428  -0.2335  0.2815  0.5000  -3.8606   0.0000   0.3225
  13.000   2.3838   0.03379   0.02793  -0.2258  0.2683  0.5000  -4.1642   0.0000   0.3145
  14.000   2.4290   0.03823   0.03261  -0.2179  0.2522  0.5000  -4.4698   0.0000   0.3069
  15.000   2.4581   0.04453   0.03914  -0.2097  0.2328  0.5000  -4.7497   0.0000   0.2998
  16.000   2.4513   0.05538   0.05018  -0.2009  0.2076  0.5000  -4.9512   0.0000   0.2936
  17.000   2.3942   0.07473   0.06979  -0.1951  0.1792  0.5000  -5.0295   0.0000   0.2901


