xflr5 v6.10.03

 Calculated polar for: S1223 MOD2015

 1 1 Reynolds number fixed          Mach number fixed         

 xtrf =   0.500 (top)        0.500 (bottom)
 Mach =   0.080     Re =     0.600 e 6     Ncrit =   9.000

  alpha     CL        CD       CDp       Cm    Top Xtr Bot Xtr   Cpmin    Chinge    XCp    
 ------- -------- --------- --------- -------- ------- ------- -------- --------- ---------
  -4.000   0.6593   0.01530   0.00859  -0.2535  0.4807  0.0204  -3.0157   0.0000   0.6410
  -3.000   0.8111   0.01438   0.00722  -0.2620  0.4474  0.0220  -2.2234   0.0000   0.5764
  -2.000   0.9488   0.01425   0.00674  -0.2670  0.4225  0.0233  -1.6237   0.0000   0.5323
  -1.000   1.0815   0.01432   0.00658  -0.2708  0.4049  0.0262  -1.5406   0.0000   0.4990
   0.000   1.2092   0.01460   0.00683  -0.2734  0.3912  0.0658  -1.6776   0.0000   0.4728
   1.000   1.3302   0.01526   0.00774  -0.2748  0.3788  0.2559  -1.8141   0.0000   0.4514
   2.000   1.4404   0.01592   0.00846  -0.2737  0.3709  0.2949  -1.9520   0.0000   0.4330
   3.000   1.5498   0.01695   0.00944  -0.2726  0.3610  0.3329  -2.0955   0.0000   0.4170
   4.000   1.6572   0.01778   0.01042  -0.2711  0.3544  0.3851  -2.2393   0.0000   0.4029
   5.000   1.7623   0.01880   0.01162  -0.2694  0.3474  0.4705  -2.3870   0.0000   0.3902
   6.000   1.8633   0.02017   0.01303  -0.2670  0.3392  0.5000  -2.5451   0.0000   0.3787
   7.000   1.9550   0.02138   0.01437  -0.2629  0.3322  0.5000  -2.7087   0.0000   0.3678
   8.000   2.0459   0.02311   0.01609  -0.2589  0.3228  0.5000  -2.8883   0.0000   0.3578
   9.000   2.1257   0.02464   0.01790  -0.2530  0.3160  0.5000  -3.0813   0.0000   0.3481
  10.000   2.2002   0.02670   0.02007  -0.2465  0.3065  0.5000  -3.2944   0.0000   0.3389
  11.000   2.2687   0.02893   0.02260  -0.2395  0.2968  0.5000  -3.5693   0.0000   0.3301
  12.000   2.3267   0.03187   0.02573  -0.2314  0.2838  0.5000  -3.8639   0.0000   0.3217
  13.000   2.3770   0.03567   0.02975  -0.2232  0.2702  0.5000  -4.1622   0.0000   0.3136
  14.000   2.4185   0.04058   0.03493  -0.2151  0.2547  0.5000  -4.4598   0.0000   0.3061
  15.000   2.4454   0.04736   0.04200  -0.2071  0.2359  0.5000  -4.7361   0.0000   0.2991
  16.000   2.4415   0.05835   0.05327  -0.1993  0.2136  0.5000  -4.9440   0.0000   0.2932
  17.000   2.3892   0.07753   0.07278  -0.1945  0.1888  0.5000  -5.0310   0.0000   0.2899


