xflr5 v6.10.03

 Calculated polar for: S1223 MOD2015

 1 1 Reynolds number fixed          Mach number fixed         

 xtrf =   0.500 (top)        0.500 (bottom)
 Mach =   0.080     Re =     0.540 e 6     Ncrit =   9.000

  alpha     CL        CD       CDp       Cm    Top Xtr Bot Xtr   Cpmin    Chinge    XCp    
 ------- -------- --------- --------- -------- ------- ------- -------- --------- ---------
  -5.000   0.3292   0.06668   0.06227  -0.1236  0.5000  0.0248  -1.3957   0.0000   0.6371
  -4.000   0.3588   0.03250   0.02810  -0.1659  0.5000  0.0211  -2.8953   0.0000   0.7225
  -3.000   0.8010   0.01486   0.00761  -0.2598  0.4547  0.0231  -2.2378   0.0000   0.5776
  -2.000   0.9454   0.01452   0.00694  -0.2663  0.4292  0.0248  -1.6145   0.0000   0.5326
  -1.000   1.0766   0.01468   0.00684  -0.2697  0.4106  0.0277  -1.5354   0.0000   0.4992
   0.000   1.2117   0.01491   0.00713  -0.2741  0.3958  0.1244  -1.6772   0.0000   0.4730
   1.000   1.3265   0.01559   0.00799  -0.2741  0.3844  0.2652  -1.8097   0.0000   0.4514
   2.000   1.4365   0.01647   0.00882  -0.2729  0.3752  0.3007  -1.9465   0.0000   0.4330
   3.000   1.5462   0.01728   0.00967  -0.2718  0.3666  0.3389  -2.0905   0.0000   0.4169
   4.000   1.6568   0.01839   0.01085  -0.2711  0.3580  0.3934  -2.2358   0.0000   0.4029
   5.000   1.7627   0.01936   0.01207  -0.2696  0.3512  0.4827  -2.3845   0.0000   0.3903
   6.000   1.8637   0.02075   0.01341  -0.2672  0.3424  0.5000  -2.5433   0.0000   0.3788
   7.000   1.9561   0.02206   0.01488  -0.2632  0.3358  0.5000  -2.7072   0.0000   0.3679
   8.000   2.0424   0.02354   0.01646  -0.2583  0.3277  0.5000  -2.8828   0.0000   0.3577
   9.000   2.1271   0.02540   0.01848  -0.2534  0.3192  0.5000  -3.0804   0.0000   0.3483
  10.000   2.1994   0.02732   0.02062  -0.2464  0.3103  0.5000  -3.2911   0.0000   0.3390
  11.000   2.2658   0.02982   0.02334  -0.2391  0.3001  0.5000  -3.5624   0.0000   0.3301
  12.000   2.3198   0.03294   0.02663  -0.2305  0.2870  0.5000  -3.8492   0.0000   0.3215
  13.000   2.3695   0.03657   0.03060  -0.2222  0.2740  0.5000  -4.1458   0.0000   0.3135
  14.000   2.4102   0.04153   0.03587  -0.2140  0.2592  0.5000  -4.4401   0.0000   0.3059
  15.000   2.4285   0.04912   0.04371  -0.2054  0.2406  0.5000  -4.6971   0.0000   0.2990
  16.000   2.4275   0.05996   0.05490  -0.1982  0.2199  0.5000  -4.9093   0.0000   0.2932
  17.000   2.3753   0.07930   0.07457  -0.1940  0.1964  0.5000  -4.9935   0.0000   0.2901


