xflr5 v6.10.03

 Calculated polar for: S1223 MOD2015

 1 1 Reynolds number fixed          Mach number fixed         

 xtrf =   0.500 (top)        0.500 (bottom)
 Mach =   0.000     Re =     0.740 e 6     Ncrit =   9.000

  alpha     CL        CD       CDp       Cm    Top Xtr Bot Xtr   Cpmin    Chinge    XCp    
 ------- -------- --------- --------- -------- ------- ------- -------- --------- ---------
  -5.000   0.5183   0.01585   0.00989  -0.2462  0.5000  0.0173  -3.8239   0.0000   0.7360
  -4.000   0.6823   0.01414   0.00757  -0.2584  0.4658  0.0188  -2.9652   0.0000   0.6351
  -3.000   0.8249   0.01361   0.00662  -0.2648  0.4362  0.0199  -2.2017   0.0000   0.5742
  -2.000   0.9638   0.01337   0.00609  -0.2702  0.4128  0.0208  -1.6178   0.0000   0.5311
  -1.000   1.0897   0.01357   0.00608  -0.2725  0.3958  0.0232  -1.5439   0.0000   0.4987
   1.000   1.3386   0.01419   0.00699  -0.2768  0.3720  0.2395  -1.8180   0.0000   0.4516
   2.000   1.4454   0.01507   0.00781  -0.2751  0.3614  0.2839  -1.9530   0.0000   0.4333
   4.000   1.6593   0.01661   0.00952  -0.2722  0.3475  0.3729  -2.2388   0.0000   0.4033
   5.000   1.7629   0.01777   0.01081  -0.2703  0.3398  0.4514  -2.3824   0.0000   0.3907
   6.000   1.8613   0.01873   0.01193  -0.2675  0.3334  0.5000  -2.5386   0.0000   0.3791
   7.000   1.9530   0.02009   0.01329  -0.2635  0.3253  0.5000  -2.7011   0.0000   0.3683
   8.000   2.0419   0.02146   0.01480  -0.2592  0.3184  0.5000  -2.8778   0.0000   0.3582
   9.000   2.1246   0.02294   0.01641  -0.2540  0.3101  0.5000  -3.0735   0.0000   0.3487
  10.000   2.2023   0.02483   0.01847  -0.2483  0.3013  0.5000  -3.2898   0.0000   0.3397
  11.000   2.2733   0.02687   0.02067  -0.2418  0.2907  0.5000  -3.5716   0.0000   0.3310
  12.000   2.3403   0.02927   0.02328  -0.2352  0.2773  0.5000  -3.8821   0.0000   0.3227
  13.000   2.3986   0.03246   0.02669  -0.2279  0.2640  0.5000  -4.1943   0.0000   0.3148
  14.000   2.4445   0.03681   0.03123  -0.2199  0.2467  0.5000  -4.5040   0.0000   0.3071
  16.000   2.4530   0.05524   0.04994  -0.2014  0.1930  0.5000  -4.9579   0.0000   0.2938
  17.000   2.3895   0.07559   0.07055  -0.1956  0.1649  0.5000  -5.0203   0.0000   0.2904


