xflr5 v6.10.03

 Calculated polar for: S1223 MOD2015

 1 1 Reynolds number fixed          Mach number fixed         

 xtrf =   0.500 (top)        0.500 (bottom)
 Mach =   0.080     Re =     0.940 e 6     Ncrit =   9.000

  alpha     CL        CD       CDp       Cm    Top Xtr Bot Xtr   Cpmin    Chinge    XCp    
 ------- -------- --------- --------- -------- ------- ------- -------- --------- ---------
  -4.000   0.7063   0.01318   0.00672  -0.2642  0.4482  0.0171  -2.9779   0.0000   0.6304
  -3.000   0.8486   0.01276   0.00595  -0.2704  0.4195  0.0180  -2.2316   0.0000   0.5718
  -2.000   0.9805   0.01272   0.00566  -0.2739  0.3985  0.0187  -1.6306   0.0000   0.5301
  -1.000   1.1042   0.01292   0.00568  -0.2755  0.3834  0.0201  -1.5624   0.0000   0.4981
   0.000   1.2258   0.01319   0.00586  -0.2766  0.3720  0.0254  -1.6970   0.0000   0.4724
   1.000   1.3533   0.01358   0.00657  -0.2796  0.3599  0.2193  -1.8384   0.0000   0.4514
   2.000   1.4636   0.01410   0.00721  -0.2784  0.3538  0.2731  -1.9782   0.0000   0.4332
   3.000   1.5704   0.01489   0.00800  -0.2767  0.3454  0.3105  -2.1218   0.0000   0.4173
   4.000   1.6757   0.01577   0.00897  -0.2747  0.3387  0.3579  -2.2651   0.0000   0.4032
   6.000   1.8772   0.01786   0.01131  -0.2696  0.3240  0.5000  -2.5670   0.0000   0.3789
   7.000   1.9722   0.01891   0.01247  -0.2660  0.3184  0.5000  -2.7340   0.0000   0.3682
   8.000   2.0616   0.02015   0.01380  -0.2615  0.3111  0.5000  -2.9139   0.0000   0.3581
   9.000   2.1453   0.02179   0.01554  -0.2563  0.3024  0.5000  -3.1122   0.0000   0.3485
  10.000   2.2277   0.02328   0.01719  -0.2511  0.2934  0.5000  -3.3385   0.0000   0.3395
  11.000   2.3034   0.02523   0.01928  -0.2451  0.2813  0.5000  -3.6349   0.0000   0.3309
  12.000   2.3706   0.02775   0.02194  -0.2382  0.2680  0.5000  -3.9517   0.0000   0.3226
  13.000   2.4305   0.03092   0.02526  -0.2309  0.2521  0.5000  -4.2717   0.0000   0.3146
  14.000   2.4735   0.03556   0.03001  -0.2221  0.2293  0.5000  -4.5829   0.0000   0.3069
  15.000   2.4779   0.04418   0.03864  -0.2109  0.1936  0.5000  -4.8161   0.0000   0.2995
  16.000   2.4480   0.05793   0.05250  -0.2010  0.1616  0.5000  -4.9684   0.0000   0.2936
  17.000   2.3840   0.07918   0.07409  -0.1964  0.1409  0.5000  -5.0262   0.0000   0.2908


