xflr5 v6.10.03

 Calculated polar for: S1223 MOD2015 FLAP

 1 1 Reynolds number fixed          Mach number fixed         

 xtrf =   0.500 (top)        0.500 (bottom)
 Mach =   0.000     Re =     0.760 e 6     Ncrit =   9.000

  alpha     CL        CD       CDp       Cm    Top Xtr Bot Xtr   Cpmin    Chinge    XCp    
 ------- -------- --------- --------- -------- ------- ------- -------- --------- ---------
  -5.000   0.9712   0.05260   0.04735  -0.2555  0.4576  0.0241  -1.8068   0.0096   0.5171
  -4.000   1.2453   0.06187   0.05616  -0.2859  0.4198  0.0274  -1.5980   0.0118   0.4808
  -3.000   1.4965   0.07254   0.06681  -0.3106  0.3951  0.1992  -1.8493   0.0135   0.4563
  -2.000   1.6089   0.07499   0.06915  -0.3104  0.3809  0.2600  -1.9901   0.0138   0.4394
  -1.000   1.7095   0.07667   0.07078  -0.3082  0.3711  0.2870  -2.1265   0.0139   0.4245
   0.000   1.8068   0.07827   0.07230  -0.3055  0.3610  0.3080  -2.2694   0.0141   0.4111
   1.000   1.9011   0.07983   0.07392  -0.3024  0.3537  0.3362  -2.4139   0.0142   0.3988
   2.000   1.9919   0.08139   0.07548  -0.2988  0.3450  0.3725  -2.5558   0.0144   0.3875
   3.000   2.0793   0.08281   0.07703  -0.2948  0.3384  0.4133  -2.7048   0.0145   0.3771
   4.000   2.1603   0.08437   0.07872  -0.2899  0.3310  0.4543  -2.8610   0.0145   0.3672
   5.000   2.2364   0.08578   0.08021  -0.2845  0.3217  0.4960  -3.0297   0.0146   0.3578
   6.000   2.3062   0.08791   0.08254  -0.2784  0.3145  0.5000  -3.2145   0.0147   0.3489
   7.000   2.3639   0.09065   0.08533  -0.2709  0.3036  0.5000  -3.4088   0.0149   0.3402
   8.000   2.4198   0.09360   0.08856  -0.2636  0.2944  0.5000  -3.6797   0.0150   0.3319
   9.000   2.4629   0.09758   0.09271  -0.2551  0.2813  0.5000  -3.9615   0.0151   0.3238
  10.000   2.4968   0.10232   0.09762  -0.2464  0.2678  0.5000  -4.2387   0.0152   0.3160
  11.000   2.5248   0.10763   0.10313  -0.2380  0.2512  0.5000  -4.5215   0.0154   0.3086
  12.000   2.5332   0.11507   0.11074  -0.2296  0.2257  0.5000  -4.7666   0.0156   0.3018
  13.000   2.5023   0.12724   0.12300  -0.2221  0.1920  0.5000  -4.9171   0.0160   0.2964
  14.000   2.4478   0.14275   0.13869  -0.2192  0.1628  0.5000  -4.9917   0.0165   0.2933
  15.000   2.3870   0.15958   0.15578  -0.2218  0.1413  0.5000  -5.0329   0.0170   0.2926
  16.000   2.3277   0.17653   0.17296  -0.2280  0.1223  0.5000  -5.0571   0.0176   0.2935
  17.000   2.2752   0.19261   0.18921  -0.2362  0.1048  0.5000  -5.0853   0.0181   0.2951


