XFLR5 v6.09.06

 Calculated polar for: S1223 MOD2015

 1 1 Reynolds number fixed          Mach number fixed         

 xtrf =   1.000 (top)        1.000 (bottom)
 Mach =   0.080     Re =     0.200 e 6     Ncrit =   9.000

  alpha     CL        CD       CDp       Cm    Top Xtr Bot Xtr   Cpmin    Chinge    XCp    
 ------- -------- --------- --------- -------- ------- ------- -------- --------- ---------
 -10.000  -0.0912   0.14525   0.14188  -0.0425  0.9827  0.0313  -1.1945   0.0000  -0.2860
  -9.500  -0.0535   0.13752   0.13416  -0.0508  0.9749  0.0319  -1.2238   0.0000  -0.8173
  -9.000  -0.0114   0.13032   0.12696  -0.0577  0.9667  0.0333  -1.1469   0.0000  -5.3598
  -8.500   0.0245   0.12309   0.11974  -0.0659  0.9575  0.0358  -1.2041   0.0000   3.1796
  -8.000   0.0610   0.11557   0.11225  -0.0726  0.9474  0.0369  -1.2143   0.0000   1.5326
  -7.500   0.0998   0.10877   0.10546  -0.0784  0.9357  0.0394  -1.1664   0.0000   1.0896
  -6.500   0.1547   0.09618   0.09296  -0.0857  0.8974  0.0447  -1.1698   0.0000   0.8340
  -6.000   0.1607   0.09082   0.08764  -0.0897  0.8672  0.0475  -1.3287   0.0000   0.8342
  -5.500   0.2150   0.08344   0.08018  -0.0937  0.8289  0.0503  -1.1535   0.0000   0.7033
  -5.000   0.3315   0.07158   0.06777  -0.1209  0.7495  0.0562  -1.0940   0.0000   0.6262
  -4.000   0.3707   0.06353   0.05869  -0.1258  0.6022  0.0635  -1.0945   0.0000   0.5967
  -3.000   0.5533   0.03080   0.02509  -0.1960  0.5535  0.0499  -1.9554   0.0000   0.6082
  -2.500   0.5468   0.03644   0.03088  -0.1767  0.5332  0.0637  -1.5490   0.0000   0.5757
  -2.000   0.5916   0.03733   0.03165  -0.1751  0.5154  0.0856  -1.2503   0.0000   0.5469
  -1.000   1.0787   0.01927   0.01022  -0.2706  0.4763  0.0666  -1.5130   0.0000   0.4997
  -0.500   1.1645   0.01952   0.01064  -0.2768  0.4653  0.2503  -1.5937   0.0000   0.4856
   0.000   1.2231   0.02045   0.01151  -0.2769  0.4572  0.2930  -1.6559   0.0000   0.4733
   0.500   1.2809   0.02109   0.01207  -0.2768  0.4492  0.3231  -1.7217   0.0000   0.4621
   1.000   1.3457   0.02185   0.01267  -0.2783  0.4416  0.3485  -1.7938   0.0000   0.4519
   1.500   1.4062   0.02235   0.01314  -0.2790  0.4356  0.3648  -1.8638   0.0000   0.4426
   2.000   1.4661   0.02286   0.01365  -0.2796  0.4295  0.3820  -1.9355   0.0000   0.4340
   2.500   1.5283   0.02347   0.01418  -0.2807  0.4236  0.4041  -2.0107   0.0000   0.4260
   3.000   1.5920   0.02435   0.01506  -0.2822  0.4180  0.4304  -2.0861   0.0000   0.4187
   3.500   1.6470   0.02503   0.01593  -0.2818  0.4130  0.4651  -2.1544   0.0000   0.4117
   4.000   1.7039   0.02573   0.01675  -0.2819  0.4075  0.5101  -2.2301   0.0000   0.4050
   4.500   1.7647   0.02652   0.01761  -0.2828  0.4024  0.5719  -2.3146   0.0000   0.3989
   5.000   1.8239   0.02770   0.01901  -0.2835  0.3979  0.6641  -2.3967   0.0000   0.3931
   6.000   1.9039   0.02903   0.02087  -0.2768  0.3882  1.0000  -2.5355   0.0000   0.3811
   6.500   1.9581   0.03001   0.02177  -0.2766  0.3834  1.0000  -2.6268   0.0000   0.3760
   7.000   2.0136   0.03154   0.02325  -0.2768  0.3785  1.0000  -2.7231   0.0000   0.3712
   7.500   2.0500   0.03275   0.02471  -0.2731  0.3735  1.0000  -2.7998   0.0000   0.3659
   8.000   2.0902   0.03391   0.02601  -0.2702  0.3681  1.0000  -2.8917   0.0000   0.3609
   8.500   2.1402   0.03486   0.02692  -0.2693  0.3632  1.0000  -2.9994   0.0000   0.3564
   9.000   2.1838   0.03653   0.02869  -0.2674  0.3580  1.0000  -3.1007   0.0000   0.3519
   9.500   2.2054   0.03809   0.03058  -0.2612  0.3522  1.0000  -3.1887   0.0000   0.3468
  10.000   2.2373   0.03925   0.03187  -0.2569  0.3467  1.0000  -3.2952   0.0000   0.3421
  10.500   2.2981   0.04031   0.03279  -0.2583  0.3409  1.0000  -3.4804   0.0000   0.3385
  11.000   2.2853   0.04259   0.03556  -0.2462  0.3356  1.0000  -3.5489   0.0000   0.3328
  11.500   2.2935   0.04440   0.03763  -0.2384  0.3294  1.0000  -3.6558   0.0000   0.3278
  12.000   2.3494   0.04466   0.03773  -0.2385  0.3232  1.0000  -3.8549   0.0000   0.3241
  12.500   2.3224   0.04847   0.04206  -0.2260  0.3172  1.0000  -3.9031   0.0000   0.3188
  13.000   2.3213   0.05112   0.04496  -0.2181  0.3104  1.0000  -4.0019   0.0000   0.3142
  13.500   2.3585   0.05184   0.04562  -0.2156  0.3035  1.0000  -4.1778   0.0000   0.3103
  14.000   2.3096   0.05835   0.05270  -0.2041  0.2963  1.0000  -4.1787   0.0000   0.3060
  14.500   2.3318   0.05988   0.05424  -0.2006  0.2892  1.0000  -4.3339   0.0000   0.3022
  15.000   2.2879   0.06815   0.06298  -0.1935  0.2814  1.0000  -4.3403   0.0000   0.2994
  15.500   2.2887   0.07250   0.06745  -0.1903  0.2733  1.0000  -4.4454   0.0000   0.2965
  16.000   2.2353   0.08439   0.07976  -0.1877  0.2642  1.0000  -4.4169   0.0000   0.2957
  16.500   2.2534   0.08754   0.08290  -0.1864  0.2558  1.0000  -4.5589   0.0000   0.2930
  17.000   2.1631   0.10726   0.10313  -0.1895  0.2439  1.0000  -4.4181   0.0000   0.2962


