xflr5 v6.10.03

 Calculated polar for: S1223 MOD2015

 1 1 Reynolds number fixed          Mach number fixed         

 xtrf =   0.500 (top)        0.500 (bottom)
 Mach =   0.000     Re =     0.820 e 6     Ncrit =   9.000

  alpha     CL        CD       CDp       Cm    Top Xtr Bot Xtr   Cpmin    Chinge    XCp    
 ------- -------- --------- --------- -------- ------- ------- -------- --------- ---------
  -5.000   0.5280   0.01536   0.00946  -0.2484  0.5000  0.0167  -3.8298   0.0000   0.7313
  -4.000   0.6950   0.01361   0.00709  -0.2613  0.4587  0.0181  -2.9547   0.0000   0.6323
  -3.000   0.8360   0.01316   0.00627  -0.2673  0.4301  0.0191  -2.2025   0.0000   0.5730
  -2.000   0.9686   0.01309   0.00591  -0.2712  0.4074  0.0198  -1.6176   0.0000   0.5308
  -1.000   1.0963   0.01320   0.00583  -0.2739  0.3913  0.0220  -1.5498   0.0000   0.4985
   0.000   1.2156   0.01361   0.00609  -0.2747  0.3774  0.0282  -1.6816   0.0000   0.4727
   1.000   1.3438   0.01382   0.00672  -0.2779  0.3678  0.2307  -1.8236   0.0000   0.4516
   2.000   1.4505   0.01463   0.00752  -0.2761  0.3583  0.2776  -1.9586   0.0000   0.4334
   3.000   1.5590   0.01528   0.00825  -0.2749  0.3515  0.3175  -2.1025   0.0000   0.4174
   4.000   1.6631   0.01630   0.00929  -0.2730  0.3426  0.3661  -2.2436   0.0000   0.4034
   5.000   1.7670   0.01718   0.01038  -0.2711  0.3373  0.4422  -2.3881   0.0000   0.3908
   6.000   1.8658   0.01817   0.01150  -0.2683  0.3303  0.5000  -2.5450   0.0000   0.3792
   7.000   1.9578   0.01963   0.01296  -0.2645  0.3217  0.5000  -2.7072   0.0000   0.3684
   8.000   2.0469   0.02077   0.01425  -0.2601  0.3156  0.5000  -2.8851   0.0000   0.3583
   9.000   2.1286   0.02246   0.01600  -0.2548  0.3061  0.5000  -3.0797   0.0000   0.3488
  10.000   2.2100   0.02398   0.01775  -0.2496  0.2983  0.5000  -3.3016   0.0000   0.3398
  11.000   2.2801   0.02620   0.02007  -0.2430  0.2865  0.5000  -3.5843   0.0000   0.3311
  12.000   2.3485   0.02849   0.02255  -0.2365  0.2734  0.5000  -3.8986   0.0000   0.3229
  13.000   2.4097   0.03149   0.02575  -0.2296  0.2597  0.5000  -4.2169   0.0000   0.3150
  14.000   2.4529   0.03603   0.03043  -0.2211  0.2407  0.5000  -4.5233   0.0000   0.3073
  15.000   2.4755   0.04283   0.03735  -0.2118  0.2132  0.5000  -4.7919   0.0000   0.3001
  16.000   2.4497   0.05571   0.05030  -0.2015  0.1786  0.5000  -4.9524   0.0000   0.2939
  17.000   2.3868   0.07617   0.07105  -0.1960  0.1530  0.5000  -5.0153   0.0000   0.2907


