xflr5 v6.10.03

 Calculated polar for: S1223 MOD2015 FLAP

 1 1 Reynolds number fixed          Mach number fixed         

 xtrf =   0.500 (top)        0.500 (bottom)
 Mach =   0.080     Re =     0.920 e 6     Ncrit =   9.000

  alpha     CL        CD       CDp       Cm    Top Xtr Bot Xtr   Cpmin    Chinge    XCp    
 ------- -------- --------- --------- -------- ------- ------- -------- --------- ---------
  -5.000   1.0157   0.05424   0.04911  -0.2639  0.4413  0.0227  -1.7563   0.0101   0.5138
  -4.000   1.2752   0.06317   0.05754  -0.2913  0.4051  0.0251  -1.6283   0.0121   0.4796
  -2.000   1.6227   0.07530   0.06965  -0.3126  0.3725  0.2509  -2.0115   0.0139   0.4391
  -1.000   1.7237   0.07707   0.07134  -0.3103  0.3614  0.2790  -2.1485   0.0141   0.4242
   0.000   1.8217   0.07863   0.07293  -0.3076  0.3542  0.2998  -2.2941   0.0142   0.4108
   1.000   1.9151   0.08029   0.07453  -0.3042  0.3442  0.3285  -2.4387   0.0143   0.3986
   2.000   2.0067   0.08173   0.07607  -0.3006  0.3389  0.3626  -2.5828   0.0145   0.3873
   3.000   2.0938   0.08328   0.07770  -0.2964  0.3317  0.4026  -2.7328   0.0146   0.3768
   4.000   2.1754   0.08481   0.07928  -0.2915  0.3222  0.4437  -2.8898   0.0146   0.3669
   5.000   2.2527   0.08646   0.08114  -0.2861  0.3164  0.4858  -3.0622   0.0147   0.3575
   6.000   2.3182   0.08894   0.08371  -0.2792  0.3070  0.5000  -3.2437   0.0148   0.3485
   7.000   2.3823   0.09123   0.08618  -0.2724  0.2986  0.5000  -3.4483   0.0149   0.3399
   8.000   2.4367   0.09423   0.08925  -0.2646  0.2851  0.5000  -3.7214   0.0150   0.3315
   9.000   2.4860   0.09761   0.09284  -0.2567  0.2732  0.5000  -4.0187   0.0151   0.3234
  10.000   2.5247   0.10186   0.09728  -0.2482  0.2587  0.5000  -4.3094   0.0153   0.3156
  11.000   2.5445   0.10803   0.10352  -0.2389  0.2335  0.5000  -4.5819   0.0155   0.3082
  12.000   2.5348   0.11755   0.11308  -0.2294  0.1988  0.5000  -4.7903   0.0158   0.3015
  13.000   2.4985   0.13048   0.12613  -0.2224  0.1679  0.5000  -4.9274   0.0162   0.2964
  14.000   2.4436   0.14621   0.14207  -0.2206  0.1445  0.5000  -4.9983   0.0167   0.2938
  15.000   2.3868   0.16260   0.15874  -0.2236  0.1254  0.5000  -5.0473   0.0172   0.2932
  16.000   2.3230   0.18030   0.17667  -0.2307  0.1078  0.5000  -5.0551   0.0177   0.2946
  17.000   2.2758   0.19565   0.19218  -0.2386  0.0910  0.5000  -5.1001   0.0182   0.2960


