xflr5 v6.10.03

 Calculated polar for: S1223 MOD2015 FLAP

 1 1 Reynolds number fixed          Mach number fixed         

 xtrf =   0.500 (top)        0.500 (bottom)
 Mach =   0.000     Re =     0.220 e 6     Ncrit =   9.000

  alpha     CL        CD       CDp       Cm    Top Xtr Bot Xtr   Cpmin    Chinge    XCp    
 ------- -------- --------- --------- -------- ------- ------- -------- --------- ---------
  -5.000   0.2587   0.08317   0.07875  -0.0649  0.5000  0.0563  -0.9529  -0.0003   0.5019
  -4.000   0.6566   0.04644   0.04130  -0.1739  0.5000  0.0487  -1.7757   0.0050   0.5164
  -3.000   0.5982   0.04970   0.04495  -0.1372  0.5000  0.0559  -1.2828   0.0034   0.4781
  -1.000   1.6107   0.06296   0.05582  -0.2896  0.4449  0.3447  -2.0068   0.0116   0.4245
   0.000   1.7572   0.06603   0.05866  -0.2951  0.4304  0.3756  -2.1879   0.0122   0.4106
   1.000   1.8797   0.06791   0.06056  -0.2965  0.4179  0.4081  -2.3496   0.0125   0.3983
   2.000   1.9922   0.06861   0.06117  -0.2962  0.4069  0.4486  -2.5115   0.0126   0.3871
   3.000   2.0670   0.06924   0.06213  -0.2901  0.3977  0.4807  -2.6456   0.0126   0.3766
   4.000   2.1894   0.07206   0.06493  -0.2920  0.3865  0.5000  -2.8496   0.0130   0.3673
   5.000   2.2743   0.07543   0.06864  -0.2882  0.3758  0.5000  -3.0281   0.0133   0.3583
   6.000   2.3566   0.07699   0.07028  -0.2840  0.3651  0.5000  -3.2330   0.0135   0.3497
   7.000   2.3913   0.08175   0.07557  -0.2734  0.3539  0.5000  -3.4015   0.0138   0.3409
   8.000   2.4691   0.08278   0.07663  -0.2690  0.3421  0.5000  -3.7165   0.0139   0.3330
   9.000   2.4572   0.09028   0.08481  -0.2536  0.3295  0.5000  -3.8938   0.0144   0.3243
  10.000   2.4670   0.09634   0.09128  -0.2423  0.3162  0.5000  -4.1202   0.0148   0.3163
  11.000   2.4817   0.10187   0.09705  -0.2326  0.3017  0.5000  -4.3650   0.0150   0.3087
  12.000   2.4683   0.11101   0.10660  -0.2226  0.2865  0.5000  -4.5568   0.0154   0.3018
  13.000   2.4281   0.12463   0.12078  -0.2152  0.2701  0.5000  -4.6764   0.0159   0.2965
  14.000   2.3987   0.13752   0.13403  -0.2121  0.2515  0.5000  -4.8083   0.0163   0.2925
  15.000   2.3094   0.15980   0.15695  -0.2171  0.2276  0.5000  -4.7548   0.0170   0.2938
  16.000   2.2982   0.16994   0.16707  -0.2195  0.2041  0.5000  -4.9173   0.0173   0.2913
  17.000   2.2393   0.18760   0.18506  -0.2292  0.1781  0.5000  -4.9079   0.0178   0.2938


