xflr5 v6.10.03

 Calculated polar for: S1223 MOD2015 FLAP

 1 1 Reynolds number fixed          Mach number fixed         

 xtrf =   0.500 (top)        0.500 (bottom)
 Mach =   0.000     Re =     0.380 e 6     Ncrit =   9.000

  alpha     CL        CD       CDp       Cm    Top Xtr Bot Xtr   Cpmin    Chinge    XCp    
 ------- -------- --------- --------- -------- ------- ------- -------- --------- ---------
  -5.000   0.2622   0.08009   0.07635  -0.0677  0.5000  0.0376  -1.0728  -0.0002   0.5095
  -4.000   0.3155   0.07055   0.06685  -0.0747  0.5000  0.0425  -1.0459   0.0003   0.4856
  -3.000   1.4697   0.07029   0.06391  -0.3059  0.4344  0.2532  -1.8158   0.0130   0.4569
  -2.000   1.5743   0.07144   0.06489  -0.3042  0.4184  0.2951  -1.9466   0.0130   0.4398
  -1.000   1.6872   0.07237   0.06557  -0.3038  0.4043  0.3200  -2.0927   0.0132   0.4244
   0.000   1.7910   0.07433   0.06758  -0.3020  0.3942  0.3435  -2.2397   0.0134   0.4108
   1.000   1.8995   0.07489   0.06799  -0.3010  0.3832  0.3754  -2.3944   0.0136   0.3985
   2.000   1.9889   0.07669   0.07001  -0.2971  0.3750  0.4130  -2.5329   0.0137   0.3872
   3.000   2.0792   0.07763   0.07101  -0.2934  0.3664  0.4545  -2.6882   0.0138   0.3767
   4.000   2.1609   0.07844   0.07202  -0.2886  0.3578  0.4967  -2.8440   0.0139   0.3669
   5.000   2.2430   0.08076   0.07448  -0.2842  0.3486  0.5000  -3.0215   0.0141   0.3577
   6.000   2.3192   0.08217   0.07604  -0.2790  0.3392  0.5000  -3.2141   0.0142   0.3489
   7.000   2.3694   0.08562   0.07975  -0.2705  0.3294  0.5000  -3.4009   0.0145   0.3401
   8.000   2.4231   0.08835   0.08271  -0.2629  0.3189  0.5000  -3.6679   0.0146   0.3319
   9.000   2.4529   0.09342   0.08806  -0.2529  0.3071  0.5000  -3.9227   0.0148   0.3236
  10.000   2.4688   0.10006   0.09509  -0.2423  0.2934  0.5000  -4.1630   0.0151   0.3157
  11.000   2.4827   0.10698   0.10235  -0.2331  0.2800  0.5000  -4.4075   0.0153   0.3083
  12.000   2.4849   0.11546   0.11118  -0.2248  0.2650  0.5000  -4.6327   0.0156   0.3017
  13.000   2.4697   0.12628   0.12240  -0.2184  0.2464  0.5000  -4.8138   0.0159   0.2961
  14.000   2.4378   0.13923   0.13569  -0.2152  0.2250  0.5000  -4.9430   0.0163   0.2922
  15.000   2.3875   0.15473   0.15146  -0.2167  0.2014  0.5000  -5.0147   0.0168   0.2907
  16.000   2.3283   0.17166   0.16859  -0.2225  0.1759  0.5000  -5.0380   0.0173   0.2913
  17.000   2.2801   0.18703   0.18415  -0.2301  0.1526  0.5000  -5.0805   0.0178   0.2924


