xflr5 v6.10.03

 Calculated polar for: S1223 MOD2015

 1 1 Reynolds number fixed          Mach number fixed         

 xtrf =   0.500 (top)        0.500 (bottom)
 Mach =   0.000     Re =     0.200 e 6     Ncrit =   9.000

  alpha     CL        CD       CDp       Cm    Top Xtr Bot Xtr   Cpmin    Chinge    XCp    
 ------- -------- --------- --------- -------- ------- ------- -------- --------- ---------
  -5.000   0.3251   0.07317   0.06734  -0.1192  0.5000  0.0561  -1.0978   0.0000   0.6279
  -4.000   0.3197   0.06570   0.06013  -0.1172  0.5000  0.0624  -1.2182   0.0000   0.6246
  -3.000   0.3734   0.05608   0.05062  -0.1239  0.5000  0.0720  -1.1480   0.0000   0.5859
  -2.000   0.9073   0.01918   0.01037  -0.2582  0.5000  0.0481  -1.4739   0.0000   0.5355
  -1.000   1.0774   0.01918   0.01011  -0.2703  0.4774  0.0674  -1.5074   0.0000   0.4998
   0.000   1.2200   0.02037   0.01140  -0.2764  0.4581  0.2944  -1.6485   0.0000   0.4735
   1.000   1.3396   0.02165   0.01250  -0.2773  0.4426  0.3489  -1.7836   0.0000   0.4521
   2.000   1.4616   0.02272   0.01350  -0.2791  0.4303  0.3828  -1.9258   0.0000   0.4342
   3.000   1.5877   0.02420   0.01487  -0.2819  0.4187  0.4316  -2.0763   0.0000   0.4190
   4.000   1.6990   0.02551   0.01651  -0.2816  0.4083  0.5000  -2.2187   0.0000   0.4054
   5.000   1.8182   0.02756   0.01840  -0.2833  0.3986  0.5000  -2.3836   0.0000   0.3935
   6.000   1.9101   0.02939   0.02051  -0.2794  0.3887  0.5000  -2.5333   0.0000   0.3820
   7.000   2.0171   0.03176   0.02281  -0.2789  0.3790  0.5000  -2.7182   0.0000   0.3720
   8.000   2.0906   0.03398   0.02551  -0.2717  0.3689  0.5000  -2.8831   0.0000   0.3617
   9.000   2.1859   0.03641   0.02800  -0.2693  0.3588  0.5000  -3.0945   0.0000   0.3527
  10.000   2.2366   0.03905   0.03118  -0.2584  0.3476  0.5000  -3.2843   0.0000   0.3429
  11.000   2.2925   0.04198   0.03442  -0.2492  0.3367  0.5000  -3.5535   0.0000   0.3337
  12.000   2.3398   0.04422   0.03690  -0.2385  0.3244  0.5000  -3.8280   0.0000   0.3246
  14.000   2.3235   0.05617   0.05001  -0.2065  0.2977  0.5000  -4.1965   0.0000   0.3066
  15.000   2.3109   0.06435   0.05863  -0.1953  0.2831  0.5000  -4.3798   0.0000   0.2994
  16.000   2.2693   0.07806   0.07288  -0.1876  0.2667  0.5000  -4.4863   0.0000   0.2946
  17.000   2.1844   0.10154   0.09697  -0.1874  0.2468  0.5000  -4.4631   0.0000   0.2946


