XFLR5 v6.09.06

 Calculated polar for: S1223 MOD2015

 1 1 Reynolds number fixed          Mach number fixed         

 xtrf =   1.000 (top)        1.000 (bottom)
 Mach =   0.080     Re =     0.260 e 6     Ncrit =   9.000

  alpha     CL        CD       CDp       Cm    Top Xtr Bot Xtr   Cpmin    Chinge    XCp    
 ------- -------- --------- --------- -------- ------- ------- -------- --------- ---------
  -8.000   0.2116   0.08480   0.08202  -0.0906  0.8936  0.0333  -0.9150   0.0000   0.6965
  -7.500   0.2172   0.07915   0.07637  -0.0919  0.8678  0.0359  -1.0296   0.0000   0.6893
  -7.000   0.2622   0.07070   0.06784  -0.0980  0.8391  0.0378  -0.9420   0.0000   0.6366
  -6.500   0.3552   0.05774   0.05445  -0.1209  0.7778  0.0427  -0.9102   0.0000   0.6006
  -6.000   0.3839   0.05209   0.04809  -0.1291  0.6653  0.0468  -0.9733   0.0000   0.5950
  -5.500   0.3800   0.04887   0.04455  -0.1250  0.6067  0.0478  -0.9894   0.0000   0.5864
  -5.000   0.3912   0.04631   0.04174  -0.1209  0.5704  0.0496  -0.9391   0.0000   0.5651
  -4.500   0.3817   0.04355   0.03892  -0.1169  0.5496  0.0526  -0.9421   0.0000   0.5612
  -4.000   0.3585   0.06316   0.05841  -0.1218  0.5654  0.0506  -1.1299   0.0000   0.5973
  -3.500   0.3697   0.05703   0.05221  -0.1277  0.5452  0.0547  -1.2632   0.0000   0.6014
  -3.000   0.3951   0.05422   0.04926  -0.1266  0.5250  0.0574  -1.1308   0.0000   0.5745
  -2.500   0.4467   0.04705   0.04199  -0.1396  0.5089  0.0641  -1.2013   0.0000   0.5649
  -2.000   0.9120   0.01787   0.00942  -0.2592  0.4801  0.0402  -1.5173   0.0000   0.5351
  -1.500   0.9892   0.01772   0.00913  -0.2635  0.4671  0.0424  -1.4382   0.0000   0.5162
  -1.000   1.0657   0.01783   0.00908  -0.2676  0.4558  0.0486  -1.5121   0.0000   0.4999
  -0.500   1.1537   0.01770   0.00919  -0.2745  0.4457  0.2108  -1.5950   0.0000   0.4858
   0.000   1.2148   0.01848   0.00987  -0.2751  0.4380  0.2661  -1.6596   0.0000   0.4733
   0.500   1.2699   0.01901   0.01037  -0.2744  0.4307  0.2951  -1.7232   0.0000   0.4620
   1.000   1.3290   0.01961   0.01084  -0.2747  0.4238  0.3204  -1.7919   0.0000   0.4517
   1.500   1.3964   0.02028   0.01142  -0.2768  0.4179  0.3411  -1.8675   0.0000   0.4423
   2.000   1.4553   0.02066   0.01186  -0.2771  0.4126  0.3562  -1.9393   0.0000   0.4336
   2.500   1.5143   0.02114   0.01233  -0.2775  0.4069  0.3762  -2.0127   0.0000   0.4255
   3.000   1.5784   0.02182   0.01292  -0.2790  0.4015  0.4012  -2.0909   0.0000   0.4181
   3.500   1.6401   0.02255   0.01375  -0.2801  0.3970  0.4329  -2.1657   0.0000   0.4112
   4.000   1.6941   0.02311   0.01449  -0.2795  0.3921  0.4740  -2.2376   0.0000   0.4044
   4.500   1.7507   0.02374   0.01525  -0.2795  0.3872  0.5282  -2.3163   0.0000   0.3982
   5.000   1.8112   0.02448   0.01610  -0.2803  0.3829  0.6046  -2.4026   0.0000   0.3923
   5.500   1.8722   0.02547   0.01733  -0.2814  0.3783  0.7358  -2.4900   0.0000   0.3868
   6.500   1.9513   0.02663   0.01885  -0.2745  0.3694  1.0000  -2.6365   0.0000   0.3753
   7.000   2.0020   0.02746   0.01965  -0.2735  0.3649  1.0000  -2.7284   0.0000   0.3702
   7.500   2.0619   0.02880   0.02088  -0.2746  0.3598  1.0000  -2.8325   0.0000   0.3657
   8.000   2.0957   0.02972   0.02206  -0.2703  0.3556  1.0000  -2.9160   0.0000   0.3604
   8.500   2.1309   0.03070   0.02318  -0.2663  0.3505  1.0000  -3.0059   0.0000   0.3554
   9.000   2.1718   0.03157   0.02408  -0.2635  0.3457  1.0000  -3.1043   0.0000   0.3507
   9.500   2.2265   0.03291   0.02539  -0.2638  0.3404  1.0000  -3.2364   0.0000   0.3467
  10.000   2.2377   0.03418   0.02700  -0.2554  0.3356  1.0000  -3.3147   0.0000   0.3413
  10.500   2.2623   0.03541   0.02840  -0.2499  0.3302  1.0000  -3.4370   0.0000   0.3365
  11.000   2.3009   0.03636   0.02934  -0.2470  0.3249  1.0000  -3.5961   0.0000   0.3322
  11.500   2.3178   0.03824   0.03146  -0.2406  0.3191  1.0000  -3.7188   0.0000   0.3275
  12.000   2.3265   0.04020   0.03370  -0.2331  0.3130  1.0000  -3.8315   0.0000   0.3227
  12.500   2.3513   0.04150   0.03505  -0.2284  0.3070  1.0000  -3.9808   0.0000   0.3184
  13.000   2.3544   0.04425   0.03807  -0.2210  0.3004  1.0000  -4.0881   0.0000   0.3139
  13.500   2.3549   0.04712   0.04119  -0.2140  0.2933  1.0000  -4.1913   0.0000   0.3096
  14.000   2.3703   0.04948   0.04359  -0.2093  0.2864  1.0000  -4.3294   0.0000   0.3057
  14.500   2.3529   0.05458   0.04912  -0.2022  0.2788  1.0000  -4.3989   0.0000   0.3019
  15.000   2.3615   0.05805   0.05264  -0.1982  0.2716  1.0000  -4.5248   0.0000   0.2986
  15.500   2.3384   0.06529   0.06031  -0.1935  0.2632  1.0000  -4.5760   0.0000   0.2959
  16.000   2.3369   0.07067   0.06575  -0.1907  0.2547  1.0000  -4.6764   0.0000   0.2933
  16.500   2.3003   0.08129   0.07677  -0.1890  0.2445  1.0000  -4.6874   0.0000   0.2923
  17.000   2.2685   0.09214   0.08787  -0.1889  0.2339  1.0000  -4.7048   0.0000   0.2918


