xflr5 v6.10.03

 Calculated polar for: S1223 MOD2015

 1 1 Reynolds number fixed          Mach number fixed         

 xtrf =   0.500 (top)        0.500 (bottom)
 Mach =   0.000     Re =     0.880 e 6     Ncrit =   9.000

  alpha     CL        CD       CDp       Cm    Top Xtr Bot Xtr   Cpmin    Chinge    XCp    
 ------- -------- --------- --------- -------- ------- ------- -------- --------- ---------
  -5.000   0.5421   0.01467   0.00876  -0.2519  0.4937  0.0164  -3.8247   0.0000   0.7254
  -4.000   0.7034   0.01327   0.00677  -0.2632  0.4541  0.0176  -2.9479   0.0000   0.6305
  -3.000   0.8426   0.01290   0.00606  -0.2688  0.4257  0.0185  -2.2058   0.0000   0.5722
  -2.000   0.9742   0.01287   0.00574  -0.2724  0.4031  0.0193  -1.6170   0.0000   0.5304
  -1.000   1.1001   0.01299   0.00569  -0.2747  0.3880  0.0211  -1.5534   0.0000   0.4983
   0.000   1.2195   0.01335   0.00593  -0.2755  0.3751  0.0267  -1.6855   0.0000   0.4726
   1.000   1.3473   0.01362   0.00657  -0.2786  0.3644  0.2259  -1.8271   0.0000   0.4516
   2.000   1.4552   0.01430   0.00731  -0.2771  0.3563  0.2758  -1.9635   0.0000   0.4334
   3.000   1.5628   0.01499   0.00805  -0.2757  0.3489  0.3144  -2.1070   0.0000   0.4175
   4.000   1.6667   0.01602   0.00910  -0.2737  0.3404  0.3622  -2.2478   0.0000   0.4035
   5.000   1.7706   0.01680   0.01009  -0.2718  0.3353  0.4357  -2.3927   0.0000   0.3908
   6.000   1.8689   0.01786   0.01126  -0.2689  0.3278  0.5000  -2.5492   0.0000   0.3793
   7.000   1.9617   0.01915   0.01260  -0.2652  0.3204  0.5000  -2.7124   0.0000   0.3685
   8.000   2.0512   0.02031   0.01388  -0.2609  0.3136  0.5000  -2.8910   0.0000   0.3585
   9.000   2.1330   0.02207   0.01569  -0.2556  0.3039  0.5000  -3.0856   0.0000   0.3489
  10.000   2.2160   0.02342   0.01725  -0.2506  0.2962  0.5000  -3.3107   0.0000   0.3400
  11.000   2.2887   0.02547   0.01943  -0.2444  0.2845  0.5000  -3.5997   0.0000   0.3313
  12.000   2.3543   0.02801   0.02209  -0.2375  0.2706  0.5000  -3.9101   0.0000   0.3230
  13.000   2.4151   0.03101   0.02527  -0.2304  0.2561  0.5000  -4.2281   0.0000   0.3151
  14.000   2.4623   0.03523   0.02966  -0.2224  0.2366  0.5000  -4.5437   0.0000   0.3075
  15.000   2.4777   0.04264   0.03711  -0.2122  0.2039  0.5000  -4.7979   0.0000   0.3001
  16.000   2.4492   0.05581   0.05035  -0.2016  0.1693  0.5000  -4.9527   0.0000   0.2940
  17.000   2.3945   0.07517   0.07002  -0.1962  0.1471  0.5000  -5.0356   0.0000   0.2905


