XFLR5 v6.09.06

 Calculated polar for: S1223 MOD2015

 1 1 Reynolds number fixed          Mach number fixed         

 xtrf =   1.000 (top)        1.000 (bottom)
 Mach =   0.080     Re =     0.280 e 6     Ncrit =   9.000

  alpha     CL        CD       CDp       Cm    Top Xtr Bot Xtr   Cpmin    Chinge    XCp    
 ------- -------- --------- --------- -------- ------- ------- -------- --------- ---------
  -9.000   0.1795   0.09584   0.09308  -0.0883  0.9228  0.0284  -0.8949   0.0000   0.7666
  -8.500   0.2001   0.08974   0.08700  -0.0905  0.9092  0.0302  -0.8951   0.0000   0.7230
  -8.000   0.2075   0.08307   0.08035  -0.0934  0.8930  0.0317  -1.0673   0.0000   0.7194
  -7.500   0.2304   0.07770   0.07499  -0.0925  0.8634  0.0330  -0.9496   0.0000   0.6669
  -7.000   0.2495   0.06917   0.06637  -0.1027  0.8382  0.0362  -1.1861   0.0000   0.6758
  -6.500   0.3438   0.05649   0.05323  -0.1260  0.7700  0.0413  -1.1292   0.0000   0.6273
  -6.000   0.2002   0.08371   0.08081  -0.0995  0.8469  0.0363  -1.4248   0.0000   0.7690
  -5.500   0.3383   0.07092   0.06740  -0.1304  0.7595  0.0418  -1.2608   0.0000   0.6489
  -5.000   0.3634   0.06825   0.06390  -0.1293  0.6308  0.0437  -1.1330   0.0000   0.6168
  -4.500   0.3462   0.06605   0.06150  -0.1239  0.5867  0.0464  -1.2062   0.0000   0.6175
  -3.500   0.3651   0.05875   0.05398  -0.1215  0.5354  0.0502  -1.1604   0.0000   0.5886
  -3.000   0.3952   0.05175   0.04690  -0.1312  0.5190  0.0550  -1.2535   0.0000   0.5863
  -2.000   0.9138   0.01740   0.00910  -0.2596  0.4741  0.0381  -1.5247   0.0000   0.5350
  -1.500   0.9911   0.01746   0.00890  -0.2639  0.4612  0.0404  -1.4412   0.0000   0.5161
  -1.000   1.0635   0.01743   0.00878  -0.2671  0.4504  0.0448  -1.5126   0.0000   0.5000
  -0.500   1.1559   0.01742   0.00895  -0.2750  0.4402  0.1968  -1.5987   0.0000   0.4857
   0.000   1.2103   0.01793   0.00946  -0.2742  0.4332  0.2580  -1.6587   0.0000   0.4733
   0.500   1.2664   0.01848   0.00996  -0.2737  0.4259  0.2880  -1.7233   0.0000   0.4620
   1.000   1.3310   0.01920   0.01053  -0.2752  0.4189  0.3130  -1.7957   0.0000   0.4517
   1.500   1.3875   0.01962   0.01099  -0.2749  0.4136  0.3343  -1.8629   0.0000   0.4422
   2.000   1.4479   0.02003   0.01137  -0.2755  0.4081  0.3491  -1.9367   0.0000   0.4334
   2.500   1.5101   0.02060   0.01185  -0.2766  0.4026  0.3690  -2.0132   0.0000   0.4254
   3.000   1.5755   0.02131   0.01256  -0.2783  0.3974  0.3934  -2.0913   0.0000   0.4180
   3.500   1.6311   0.02184   0.01321  -0.2780  0.3930  0.4237  -2.1619   0.0000   0.4108
   4.000   1.6871   0.02239   0.01387  -0.2779  0.3880  0.4639  -2.2356   0.0000   0.4042
   4.500   1.7468   0.02304   0.01460  -0.2786  0.3834  0.5164  -2.3171   0.0000   0.3979
   5.000   1.8140   0.02407   0.01572  -0.2809  0.3788  0.5931  -2.4083   0.0000   0.3924
   5.500   1.8635   0.02465   0.01669  -0.2794  0.3748  0.7054  -2.4850   0.0000   0.3865
   6.000   1.8973   0.02493   0.01727  -0.2747  0.3704  1.0000  -2.5514   0.0000   0.3803
   6.500   1.9477   0.02570   0.01801  -0.2735  0.3659  1.0000  -2.6376   0.0000   0.3750
   7.000   2.0066   0.02677   0.01895  -0.2743  0.3612  1.0000  -2.7374   0.0000   0.3702
   7.500   2.0494   0.02780   0.02013  -0.2718  0.3569  1.0000  -2.8229   0.0000   0.3651
   8.000   2.0857   0.02871   0.02121  -0.2680  0.3522  1.0000  -2.9084   0.0000   0.3599
   8.500   2.1252   0.02957   0.02212  -0.2649  0.3474  1.0000  -3.0041   0.0000   0.3550
   9.000   2.1763   0.03056   0.02305  -0.2642  0.3425  1.0000  -3.1146   0.0000   0.3507
   9.500   2.2075   0.03189   0.02460  -0.2597  0.3379  1.0000  -3.2144   0.0000   0.3459
  10.000   2.2300   0.03307   0.02600  -0.2536  0.3325  1.0000  -3.3086   0.0000   0.3408
  10.500   2.2629   0.03410   0.02711  -0.2496  0.3275  1.0000  -3.4425   0.0000   0.3363
  11.000   2.3063   0.03540   0.02840  -0.2478  0.3217  1.0000  -3.6091   0.0000   0.3322
  11.500   2.3094   0.03727   0.03063  -0.2388  0.3163  1.0000  -3.7082   0.0000   0.3271
  12.000   2.3284   0.03884   0.03237  -0.2330  0.3104  1.0000  -3.8402   0.0000   0.3225
  12.500   2.3597   0.04025   0.03376  -0.2295  0.3040  1.0000  -4.0011   0.0000   0.3184
  13.000   2.3513   0.04328   0.03720  -0.2204  0.2975  1.0000  -4.0866   0.0000   0.3137
  13.500   2.3603   0.04569   0.03976  -0.2144  0.2907  1.0000  -4.2071   0.0000   0.3095
  14.000   2.3639   0.04904   0.04333  -0.2086  0.2837  1.0000  -4.3201   0.0000   0.3056
  14.500   2.3610   0.05317   0.04773  -0.2029  0.2761  1.0000  -4.4207   0.0000   0.3019
  15.000   2.3640   0.05736   0.05205  -0.1986  0.2689  1.0000  -4.5336   0.0000   0.2986
  15.500   2.3506   0.06363   0.05865  -0.1944  0.2603  1.0000  -4.6077   0.0000   0.2958
  16.000   2.3391   0.07038   0.06560  -0.1915  0.2515  1.0000  -4.6839   0.0000   0.2935
  16.500   2.3188   0.07885   0.07425  -0.1897  0.2414  1.0000  -4.7364   0.0000   0.2919
  17.000   2.2829   0.09036   0.08609  -0.1895  0.2302  1.0000  -4.7442   0.0000   0.2915


