XFLR5 v6.09.06

 Calculated polar for: S1223 MOD2015

 1 1 Reynolds number fixed          Mach number fixed         

 xtrf =   1.000 (top)        1.000 (bottom)
 Mach =   0.000     Re =     0.460 e 6     Ncrit =   9.000

  alpha     CL        CD       CDp       Cm    Top Xtr Bot Xtr   Cpmin    Chinge    XCp    
 ------- -------- --------- --------- -------- ------- ------- -------- --------- ---------
 -10.000   0.0442   0.12642   0.12392  -0.0778  0.9608  0.0179  -1.1421   0.0000   2.1754
  -9.500   0.0819   0.11934   0.11685  -0.0850  0.9575  0.0185  -1.1335   0.0000   1.3759
  -8.500   0.2242   0.08243   0.08016  -0.0976  0.8933  0.0207  -0.9811   0.0000   0.7051
  -8.000   0.2586   0.07507   0.07274  -0.1034  0.8676  0.0219  -0.9549   0.0000   0.6662
  -7.500   0.3514   0.06074   0.05800  -0.1284  0.8115  0.0243  -1.0324   0.0000   0.6289
  -7.000   0.3735   0.05695   0.05335  -0.1302  0.6575  0.0258  -0.9885   0.0000   0.6102
  -6.000   0.3405   0.07067   0.06694  -0.1362  0.6666  0.0272  -1.4456   0.0000   0.6655
  -5.500   0.3287   0.06805   0.06398  -0.1303  0.5943  0.0277  -1.4931   0.0000   0.6604
  -5.000   0.3353   0.06662   0.06236  -0.1251  0.5524  0.0286  -1.3398   0.0000   0.6346
  -4.500   0.3273   0.06426   0.05994  -0.1199  0.5284  0.0303  -1.3376   0.0000   0.6262
  -4.000   0.3264   0.05847   0.05416  -0.1209  0.5120  0.0322  -1.4852   0.0000   0.6290
  -3.500   0.3460   0.05532   0.05096  -0.1207  0.4946  0.0334  -1.3708   0.0000   0.6051
  -3.000   0.7920   0.01537   0.00796  -0.2577  0.4668  0.0252  -2.2196   0.0000   0.5787
  -2.500   0.8644   0.01515   0.00756  -0.2611  0.4527  0.0261  -1.8623   0.0000   0.5541
  -2.000   0.9319   0.01521   0.00740  -0.2633  0.4398  0.0274  -1.5928   0.0000   0.5334
  -1.500   1.0037   0.01508   0.00718  -0.2665  0.4292  0.0291  -1.4544   0.0000   0.5153
  -1.000   1.0687   0.01531   0.00720  -0.2682  0.4193  0.0310  -1.5219   0.0000   0.4997
  -0.500   1.1328   0.01539   0.00724  -0.2695  0.4125  0.0358  -1.5894   0.0000   0.4857
   0.000   1.2079   0.01536   0.00751  -0.2737  0.4048  0.1890  -1.6657   0.0000   0.4733
   0.500   1.2647   0.01585   0.00802  -0.2736  0.3979  0.2473  -1.7289   0.0000   0.4621
   1.000   1.3181   0.01624   0.00841  -0.2726  0.3930  0.2755  -1.7935   0.0000   0.4517
   1.500   1.3737   0.01662   0.00878  -0.2722  0.3880  0.2934  -1.8605   0.0000   0.4421
   2.000   1.4293   0.01712   0.00922  -0.2719  0.3828  0.3131  -1.9309   0.0000   0.4333
   2.500   1.4874   0.01762   0.00970  -0.2721  0.3778  0.3299  -2.0039   0.0000   0.4251
   3.000   1.5421   0.01800   0.01015  -0.2716  0.3740  0.3505  -2.0750   0.0000   0.4173
   3.500   1.5964   0.01844   0.01065  -0.2711  0.3699  0.3758  -2.1464   0.0000   0.4101
   4.000   1.6498   0.01896   0.01118  -0.2705  0.3655  0.4077  -2.2178   0.0000   0.4033
   4.500   1.7102   0.01970   0.01194  -0.2714  0.3604  0.4516  -2.2952   0.0000   0.3971
   5.000   1.7628   0.02021   0.01262  -0.2706  0.3577  0.5060  -2.3718   0.0000   0.3909
   5.500   1.8142   0.02073   0.01336  -0.2697  0.3540  0.5767  -2.4508   0.0000   0.3851
   6.000   1.8663   0.02129   0.01414  -0.2689  0.3498  0.6832  -2.5329   0.0000   0.3795
   7.000   1.9618   0.02257   0.01562  -0.2657  0.3408  1.0000  -2.6992   0.0000   0.3689
   7.500   2.0026   0.02324   0.01641  -0.2628  0.3379  1.0000  -2.7835   0.0000   0.3636
   8.000   2.0437   0.02400   0.01726  -0.2600  0.3338  1.0000  -2.8699   0.0000   0.3586
   8.500   2.0844   0.02482   0.01812  -0.2573  0.3296  1.0000  -2.9665   0.0000   0.3537
   9.000   2.1271   0.02578   0.01908  -0.2551  0.3250  1.0000  -3.0661   0.0000   0.3491
   9.500   2.1670   0.02684   0.02023  -0.2524  0.3203  1.0000  -3.1698   0.0000   0.3446
  10.000   2.2001   0.02786   0.02142  -0.2485  0.3161  1.0000  -3.2773   0.0000   0.3399
  10.500   2.2320   0.02896   0.02262  -0.2445  0.3111  1.0000  -3.4014   0.0000   0.3354
  11.000   2.2663   0.03030   0.02394  -0.2412  0.3052  1.0000  -3.5512   0.0000   0.3311
  11.500   2.2923   0.03172   0.02560  -0.2365  0.3006  1.0000  -3.6882   0.0000   0.3267
  12.000   2.3154   0.03326   0.02729  -0.2317  0.2942  1.0000  -3.8270   0.0000   0.3223
  12.500   2.3377   0.03519   0.02925  -0.2270  0.2871  1.0000  -3.9693   0.0000   0.3182
  13.000   2.3587   0.03715   0.03147  -0.2225  0.2808  1.0000  -4.1094   0.0000   0.3141
  13.500   2.3775   0.03950   0.03393  -0.2181  0.2740  1.0000  -4.2483   0.0000   0.3102
  14.000   2.3949   0.04220   0.03681  -0.2139  0.2671  1.0000  -4.3910   0.0000   0.3065
  14.500   2.4079   0.04537   0.04013  -0.2096  0.2587  1.0000  -4.5259   0.0000   0.3029
  15.000   2.4165   0.04922   0.04415  -0.2055  0.2498  1.0000  -4.6515   0.0000   0.2996
  15.500   2.4147   0.05441   0.04943  -0.2014  0.2400  1.0000  -4.7542   0.0000   0.2965
  16.000   2.4144   0.05988   0.05512  -0.1982  0.2298  1.0000  -4.8588   0.0000   0.2937
  16.500   2.4001   0.06746   0.06288  -0.1953  0.2192  1.0000  -4.9293   0.0000   0.2915
  17.000   2.3704   0.07778   0.07336  -0.1936  0.2078  1.0000  -4.9614   0.0000   0.2903


