xflr5 v6.10.03

 Calculated polar for: S1223 MOD2015 FLAP

 1 1 Reynolds number fixed          Mach number fixed         

 xtrf =   0.500 (top)        0.500 (bottom)
 Mach =   0.080     Re =     0.360 e 6     Ncrit =   9.000

  alpha     CL        CD       CDp       Cm    Top Xtr Bot Xtr   Cpmin    Chinge    XCp    
 ------- -------- --------- --------- -------- ------- ------- -------- --------- ---------
  -5.000   0.2653   0.08085   0.07705  -0.0671  0.5000  0.0394  -1.0191  -0.0002   0.5039
  -4.000   1.1176   0.05518   0.04902  -0.2626  0.4749  0.0397  -1.4956   0.0102   0.4863
  -3.000   1.4703   0.06990   0.06348  -0.3058  0.4370  0.2549  -1.8205   0.0129   0.4568
  -2.000   1.5746   0.07073   0.06412  -0.3039  0.4209  0.2974  -1.9514   0.0129   0.4396
  -1.000   1.6858   0.07214   0.06533  -0.3032  0.4072  0.3221  -2.0967   0.0131   0.4242
   0.000   1.7957   0.07383   0.06702  -0.3022  0.3964  0.3461  -2.2493   0.0134   0.4105
   1.000   1.9015   0.07505   0.06813  -0.3007  0.3859  0.3780  -2.4025   0.0136   0.3982
   2.000   1.9970   0.07622   0.06948  -0.2976  0.3770  0.4160  -2.5472   0.0137   0.3869
   3.000   2.0857   0.07738   0.07075  -0.2935  0.3684  0.4568  -2.7016   0.0138   0.3763
   4.000   2.1703   0.07783   0.07134  -0.2889  0.3594  0.4987  -2.8618   0.0138   0.3665
   5.000   2.2531   0.08054   0.07424  -0.2845  0.3501  0.5000  -3.0411   0.0141   0.3573
   6.000   2.3326   0.08174   0.07554  -0.2797  0.3404  0.5000  -3.2397   0.0142   0.3485
   7.000   2.3790   0.08559   0.07972  -0.2705  0.3305  0.5000  -3.4227   0.0145   0.3397
   8.000   2.4338   0.08826   0.08259  -0.2629  0.3199  0.5000  -3.6930   0.0146   0.3314
   9.000   2.4589   0.09384   0.08851  -0.2522  0.3081  0.5000  -3.9409   0.0149   0.3231
  10.000   2.4728   0.10067   0.09573  -0.2415  0.2942  0.5000  -4.1796   0.0151   0.3152
  11.000   2.4828   0.10815   0.10356  -0.2320  0.2805  0.5000  -4.4168   0.0154   0.3078
  12.000   2.4819   0.11713   0.11290  -0.2239  0.2654  0.5000  -4.6365   0.0157   0.3012
  13.000   2.4629   0.12861   0.12480  -0.2179  0.2467  0.5000  -4.8084   0.0161   0.2960
  14.000   2.4265   0.14238   0.13893  -0.2156  0.2250  0.5000  -4.9249   0.0165   0.2925
  15.000   2.3756   0.15816   0.15497  -0.2179  0.2013  0.5000  -4.9892   0.0170   0.2914
  16.000   2.3185   0.17491   0.17190  -0.2243  0.1758  0.5000  -5.0156   0.0175   0.2922
  17.000   2.2721   0.19014   0.18732  -0.2322  0.1521  0.5000  -5.0581   0.0180   0.2935


