XFLR5 v6.09.06

 Calculated polar for: S1223 MOD2015

 1 1 Reynolds number fixed          Mach number fixed         

 xtrf =   1.000 (top)        1.000 (bottom)
 Mach =   0.080     Re =     0.460 e 6     Ncrit =   9.000

  alpha     CL        CD       CDp       Cm    Top Xtr Bot Xtr   Cpmin    Chinge    XCp    
 ------- -------- --------- --------- -------- ------- ------- -------- --------- ---------
 -10.000   0.0470   0.12644   0.12394  -0.0783  0.9604  0.0179  -1.1373   0.0000   2.0726
  -9.500   0.0854   0.11931   0.11681  -0.0857  0.9573  0.0185  -1.1296   0.0000   1.3393
  -9.000   0.1100   0.11300   0.11052  -0.0893  0.9485  0.0194  -1.1595   0.0000   1.1253
  -8.500   0.1257   0.10587   0.10341  -0.0949  0.9381  0.0200  -1.4234   0.0000   1.0580
  -7.000   0.3731   0.05739   0.05373  -0.1297  0.6460  0.0257  -0.9856   0.0000   0.6092
  -6.500   0.3525   0.05230   0.04845  -0.1283  0.5993  0.0274  -1.2996   0.0000   0.6251
  -6.000   0.3667   0.05031   0.04624  -0.1235  0.5539  0.0281  -1.0931   0.0000   0.5959
  -5.500   0.3721   0.04758   0.04341  -0.1203  0.5283  0.0298  -1.0284   0.0000   0.5810
  -5.000   0.3370   0.06688   0.06259  -0.1250  0.5483  0.0286  -1.3342   0.0000   0.6325
  -4.500   0.3289   0.06457   0.06023  -0.1197  0.5256  0.0303  -1.3303   0.0000   0.6238
  -4.000   0.6249   0.01738   0.01061  -0.2454  0.5043  0.0235  -2.9776   0.0000   0.6494
  -3.500   0.7154   0.01595   0.00876  -0.2535  0.4823  0.0243  -2.6184   0.0000   0.6092
  -3.000   0.7911   0.01549   0.00808  -0.2577  0.4652  0.0252  -2.2422   0.0000   0.5791
  -2.500   0.8644   0.01523   0.00765  -0.2612  0.4514  0.0260  -1.8797   0.0000   0.5542
  -2.000   0.9328   0.01527   0.00748  -0.2636  0.4389  0.0273  -1.6055   0.0000   0.5334
  -1.500   1.0049   0.01516   0.00726  -0.2668  0.4281  0.0290  -1.4601   0.0000   0.5153
  -1.000   1.0706   0.01537   0.00728  -0.2685  0.4187  0.0309  -1.5283   0.0000   0.4995
  -0.500   1.1350   0.01546   0.00732  -0.2699  0.4116  0.0354  -1.5963   0.0000   0.4855
   0.000   1.2107   0.01546   0.00760  -0.2741  0.4038  0.1854  -1.6733   0.0000   0.4731
   0.500   1.2679   0.01592   0.00810  -0.2740  0.3973  0.2456  -1.7371   0.0000   0.4619
   1.000   1.3216   0.01632   0.00850  -0.2731  0.3923  0.2748  -1.8022   0.0000   0.4515
   1.500   1.3773   0.01671   0.00888  -0.2726  0.3873  0.2927  -1.8698   0.0000   0.4419
   2.000   1.4338   0.01725   0.00935  -0.2724  0.3819  0.3125  -1.9410   0.0000   0.4330
   2.500   1.4914   0.01771   0.00982  -0.2724  0.3773  0.3290  -2.0141   0.0000   0.4248
   3.000   1.5464   0.01812   0.01028  -0.2720  0.3734  0.3495  -2.0858   0.0000   0.4170
   3.500   1.6011   0.01857   0.01078  -0.2714  0.3692  0.3745  -2.1578   0.0000   0.4098
   4.500   1.7164   0.01987   0.01212  -0.2719  0.3598  0.4500  -2.3085   0.0000   0.3968
   5.000   1.7681   0.02036   0.01279  -0.2708  0.3572  0.5033  -2.3849   0.0000   0.3906
   5.500   1.8197   0.02090   0.01354  -0.2699  0.3534  0.5733  -2.4646   0.0000   0.3847
   6.000   1.8721   0.02148   0.01433  -0.2691  0.3492  0.6776  -2.5475   0.0000   0.3791
   7.000   1.9673   0.02277   0.01585  -0.2656  0.3405  1.0000  -2.7144   0.0000   0.3684
   7.500   2.0086   0.02347   0.01668  -0.2627  0.3373  1.0000  -2.7996   0.0000   0.3632
   8.000   2.0500   0.02426   0.01754  -0.2599  0.3331  1.0000  -2.8867   0.0000   0.3581
   8.500   2.0909   0.02510   0.01842  -0.2571  0.3288  1.0000  -2.9843   0.0000   0.3532
   9.000   2.1362   0.02613   0.01942  -0.2553  0.3239  1.0000  -3.0874   0.0000   0.3487
   9.500   2.1726   0.02718   0.02062  -0.2519  0.3197  1.0000  -3.1871   0.0000   0.3440
  10.000   2.2060   0.02824   0.02183  -0.2479  0.3152  1.0000  -3.2959   0.0000   0.3393
  10.500   2.2380   0.02938   0.02307  -0.2439  0.3103  1.0000  -3.4193   0.0000   0.3348
  11.000   2.2736   0.03079   0.02446  -0.2408  0.3041  1.0000  -3.5724   0.0000   0.3305
  11.500   2.2972   0.03226   0.02619  -0.2357  0.2996  1.0000  -3.7067   0.0000   0.3260
  12.000   2.3201   0.03387   0.02794  -0.2307  0.2933  1.0000  -3.8458   0.0000   0.3217
  12.500   2.3418   0.03588   0.03001  -0.2260  0.2863  1.0000  -3.9880   0.0000   0.3175
  13.000   2.3627   0.03793   0.03230  -0.2215  0.2796  1.0000  -4.1292   0.0000   0.3135
  13.500   2.3801   0.04050   0.03495  -0.2169  0.2727  1.0000  -4.2656   0.0000   0.3096
  14.000   2.3980   0.04324   0.03791  -0.2128  0.2656  1.0000  -4.4105   0.0000   0.3059
  14.500   2.4076   0.04681   0.04160  -0.2084  0.2572  1.0000  -4.5396   0.0000   0.3023
  15.000   2.4167   0.05076   0.04576  -0.2045  0.2480  1.0000  -4.6671   0.0000   0.2990
  15.500   2.4136   0.05627   0.05138  -0.2004  0.2383  1.0000  -4.7674   0.0000   0.2960
  16.000   2.4080   0.06254   0.05784  -0.1973  0.2277  1.0000  -4.8604   0.0000   0.2934
  16.500   2.3922   0.07059   0.06609  -0.1948  0.2168  1.0000  -4.9272   0.0000   0.2915
  17.000   2.3606   0.08146   0.07714  -0.1937  0.2055  1.0000  -4.9521   0.0000   0.2905


