xflr5 v6.10.03

 Calculated polar for: S1223 MOD2015

 1 1 Reynolds number fixed          Mach number fixed         

 xtrf =   0.500 (top)        0.500 (bottom)
 Mach =   0.080     Re =     0.840 e 6     Ncrit =   9.000

  alpha     CL        CD       CDp       Cm    Top Xtr Bot Xtr   Cpmin    Chinge    XCp    
 ------- -------- --------- --------- -------- ------- ------- -------- --------- ---------
  -5.000   0.5268   0.01536   0.00954  -0.2486  0.4973  0.0165  -3.8714   0.0000   0.7329
  -4.000   0.6964   0.01358   0.00709  -0.2620  0.4558  0.0179  -2.9848   0.0000   0.6326
  -3.000   0.8383   0.01314   0.00628  -0.2680  0.4273  0.0189  -2.2226   0.0000   0.5730
  -2.000   0.9718   0.01308   0.00592  -0.2719  0.4048  0.0196  -1.6313   0.0000   0.5306
  -1.000   1.0997   0.01319   0.00585  -0.2745  0.3893  0.0216  -1.5579   0.0000   0.4983
   0.000   1.2197   0.01358   0.00610  -0.2754  0.3761  0.0272  -1.6908   0.0000   0.4725
   1.000   1.3485   0.01383   0.00675  -0.2785  0.3660  0.2277  -1.8338   0.0000   0.4514
   2.000   1.4562   0.01460   0.00754  -0.2769  0.3572  0.2767  -1.9704   0.0000   0.4331
   3.000   1.5647   0.01528   0.00829  -0.2755  0.3501  0.3156  -2.1152   0.0000   0.4172
   4.000   1.6689   0.01639   0.00940  -0.2734  0.3408  0.3632  -2.2568   0.0000   0.4031
   5.000   1.7733   0.01719   0.01043  -0.2715  0.3361  0.4378  -2.4030   0.0000   0.3904
   6.000   1.8724   0.01824   0.01160  -0.2686  0.3288  0.5000  -2.5612   0.0000   0.3788
   7.000   1.9652   0.01964   0.01304  -0.2647  0.3209  0.5000  -2.7251   0.0000   0.3680
   8.000   2.0548   0.02083   0.01437  -0.2603  0.3143  0.5000  -2.9047   0.0000   0.3579
   9.000   2.1362   0.02269   0.01627  -0.2547  0.3042  0.5000  -3.0998   0.0000   0.3483
  10.000   2.2186   0.02411   0.01793  -0.2495  0.2969  0.5000  -3.3247   0.0000   0.3393
  11.000   2.2900   0.02633   0.02026  -0.2429  0.2853  0.5000  -3.6106   0.0000   0.3306
  12.000   2.3551   0.02895   0.02303  -0.2358  0.2710  0.5000  -3.9218   0.0000   0.3222
  13.000   2.4163   0.03205   0.02634  -0.2288  0.2572  0.5000  -4.2430   0.0000   0.3143
  14.000   2.4609   0.03663   0.03108  -0.2204  0.2381  0.5000  -4.5546   0.0000   0.3067
  16.000   2.4498   0.05761   0.05227  -0.2008  0.1751  0.5000  -4.9707   0.0000   0.2935
  17.000   2.3768   0.08004   0.07501  -0.1961  0.1506  0.5000  -5.0065   0.0000   0.2909


