xflr5 v6.10.03

 Calculated polar for: S1223 MOD2015 FLAP

 1 1 Reynolds number fixed          Mach number fixed         

 xtrf =   0.500 (top)        0.500 (bottom)
 Mach =   0.080     Re =     0.440 e 6     Ncrit =   9.000

  alpha     CL        CD       CDp       Cm    Top Xtr Bot Xtr   Cpmin    Chinge    XCp    
 ------- -------- --------- --------- -------- ------- ------- -------- --------- ---------
  -5.000   0.9365   0.05121   0.04561  -0.2499  0.4993  0.0313  -1.8351   0.0091   0.5209
  -4.000   1.1496   0.05711   0.05110  -0.2685  0.4581  0.0356  -1.5224   0.0107   0.4848
  -3.000   1.4804   0.07140   0.06512  -0.3077  0.4236  0.2446  -1.8328   0.0132   0.4566
  -2.000   1.5842   0.07294   0.06651  -0.3058  0.4078  0.2852  -1.9649   0.0133   0.4395
  -1.000   1.6905   0.07449   0.06799  -0.3043  0.3963  0.3115  -2.1055   0.0135   0.4243
   0.000   1.7994   0.07571   0.06903  -0.3032  0.3844  0.3347  -2.2589   0.0136   0.4106
   1.000   1.8986   0.07735   0.07079  -0.3007  0.3762  0.3647  -2.4057   0.0138   0.3983
   2.000   1.9928   0.07873   0.07217  -0.2974  0.3671  0.4032  -2.5505   0.0140   0.3869
   3.000   2.0869   0.07940   0.07297  -0.2942  0.3590  0.4457  -2.7094   0.0140   0.3764
   4.000   2.1618   0.08126   0.07503  -0.2882  0.3504  0.4875  -2.8598   0.0142   0.3665
   5.000   2.2502   0.08211   0.07594  -0.2844  0.3412  0.5000  -3.0445   0.0143   0.3572
   6.000   2.3113   0.08521   0.07933  -0.2771  0.3326  0.5000  -3.2199   0.0145   0.3482
   7.000   2.3802   0.08676   0.08093  -0.2710  0.3220  0.5000  -3.4314   0.0146   0.3397
   8.000   2.4187   0.09140   0.08597  -0.2613  0.3123  0.5000  -3.6744   0.0148   0.3312
   9.000   2.4557   0.09589   0.09069  -0.2522  0.3004  0.5000  -3.9435   0.0150   0.3230
  10.000   2.4741   0.10249   0.09753  -0.2420  0.2863  0.5000  -4.1918   0.0152   0.3151
  11.000   2.4896   0.10955   0.10503  -0.2331  0.2729  0.5000  -4.4416   0.0155   0.3079
  12.000   2.4928   0.11806   0.11389  -0.2251  0.2565  0.5000  -4.6711   0.0157   0.3013
  13.000   2.4769   0.12891   0.12502  -0.2191  0.2370  0.5000  -4.8520   0.0161   0.2959
  14.000   2.4445   0.14188   0.13835  -0.2165  0.2151  0.5000  -4.9802   0.0165   0.2923
  15.000   2.3872   0.15834   0.15504  -0.2189  0.1901  0.5000  -5.0309   0.0170   0.2914
  16.000   2.3304   0.17494   0.17190  -0.2251  0.1657  0.5000  -5.0590   0.0175   0.2921
  17.000   2.2787   0.19083   0.18790  -0.2333  0.1430  0.5000  -5.0890   0.0180   0.2937


