xflr5 v6.10.03

 Calculated polar for: S1223 MOD2015 FLAP

 1 1 Reynolds number fixed          Mach number fixed         

 xtrf =   0.500 (top)        0.500 (bottom)
 Mach =   0.080     Re =     0.180 e 6     Ncrit =   9.000

  alpha     CL        CD       CDp       Cm    Top Xtr Bot Xtr   Cpmin    Chinge    XCp    
 ------- -------- --------- --------- -------- ------- ------- -------- --------- ---------
  -5.000   0.2530   0.08486   0.08018  -0.0637  0.5000  0.0664  -0.9514  -0.0003   0.5024
  -4.000   1.1105   0.05452   0.04744  -0.2628  0.5000  0.0684  -1.4852   0.0098   0.4879
  -2.000   1.3736   0.05487   0.04818  -0.2671  0.4842  0.2987  -1.7618   0.0100   0.4415
  -1.000   1.5010   0.05593   0.04890  -0.2692  0.4659  0.3410  -1.9094   0.0102   0.4244
   0.000   1.7228   0.06081   0.05326  -0.2881  0.4472  0.3836  -2.1521   0.0112   0.4101
   1.000   1.8317   0.06302   0.05556  -0.2873  0.4336  0.4105  -2.2983   0.0115   0.3977
   2.000   1.9606   0.06516   0.05771  -0.2899  0.4220  0.4503  -2.4718   0.0118   0.3866
   3.000   2.0375   0.06658   0.05935  -0.2841  0.4112  0.4814  -2.6077   0.0119   0.3760
   4.000   2.1912   0.07202   0.06488  -0.2914  0.3987  0.5000  -2.8424   0.0126   0.3672
   5.000   2.2892   0.07549   0.06851  -0.2896  0.3869  0.5000  -3.0396   0.0130   0.3583
   7.000   2.4191   0.08202   0.07561  -0.2765  0.3637  0.5000  -3.4352   0.0136   0.3412
   8.000   2.3950   0.09076   0.08515  -0.2593  0.3508  0.5000  -3.5733   0.0142   0.3322
   9.000   2.4273   0.09517   0.08988  -0.2502  0.3384  0.5000  -3.8225   0.0145   0.3242
  10.000   2.4535   0.09930   0.09428  -0.2407  0.3244  0.5000  -4.0817   0.0148   0.3163
  11.000   2.3762   0.11421   0.10998  -0.2261  0.3087  0.5000  -4.1219   0.0154   0.3097
  12.000   2.3074   0.13126   0.12763  -0.2194  0.2913  0.5000  -4.1606   0.0161   0.3058
  13.000   2.2520   0.14864   0.14547  -0.2195  0.2721  0.5000  -4.2114   0.0166   0.3043
  14.000   2.2561   0.15759   0.15464  -0.2195  0.2533  0.5000  -4.4084   0.0169   0.3004
  15.000   2.0809   0.19606   0.19363  -0.2432  0.2160  0.5000  -4.0136   0.0181   0.3154
  16.000   2.1166   0.19899   0.19671  -0.2421  0.1992  0.5000  -4.2849   0.0182   0.3092
  17.000   2.1497   0.20196   0.19975  -0.2413  0.1799  0.5000  -4.5694   0.0183   0.3032


