xflr5 v6.10.03

 Calculated polar for: S1223 MOD2015 FLAP

 1 1 Reynolds number fixed          Mach number fixed         

 xtrf =   0.500 (top)        0.500 (bottom)
 Mach =   0.080     Re =     0.880 e 6     Ncrit =   9.000

  alpha     CL        CD       CDp       Cm    Top Xtr Bot Xtr   Cpmin    Chinge    XCp    
 ------- -------- --------- --------- -------- ------- ------- -------- --------- ---------
  -5.000   0.2620   0.07759   0.07457  -0.0692  0.4793  0.0219  -1.2947  -0.0001   0.5161
  -4.000   1.2706   0.06299   0.05735  -0.2905  0.4086  0.0257  -1.6244   0.0120   0.4798
  -3.000   1.5048   0.07273   0.06704  -0.3119  0.3853  0.1821  -1.8638   0.0136   0.4560
  -2.000   1.6208   0.07530   0.06963  -0.3122  0.3744  0.2532  -2.0091   0.0139   0.4391
  -1.000   1.7213   0.07706   0.07127  -0.3099  0.3623  0.2808  -2.1456   0.0140   0.4242
   0.000   1.8196   0.07864   0.07289  -0.3072  0.3558  0.3016  -2.2914   0.0142   0.4108
   1.000   1.9132   0.08029   0.07451  -0.3039  0.3467  0.3303  -2.4364   0.0143   0.3986
   2.000   2.0048   0.08175   0.07603  -0.3002  0.3400  0.3647  -2.5799   0.0144   0.3873
   3.000   2.0921   0.08328   0.07768  -0.2961  0.3331  0.4049  -2.7302   0.0145   0.3768
   4.000   2.1732   0.08483   0.07924  -0.2911  0.3234  0.4456  -2.8869   0.0146   0.3669
   5.000   2.2503   0.08649   0.08112  -0.2857  0.3176  0.4880  -3.0588   0.0147   0.3575
   6.000   2.3167   0.08891   0.08366  -0.2789  0.3088  0.5000  -3.2412   0.0148   0.3485
   7.000   2.3790   0.09135   0.08626  -0.2719  0.2999  0.5000  -3.4431   0.0149   0.3398
   8.000   2.4336   0.09437   0.08938  -0.2642  0.2869  0.5000  -3.7154   0.0150   0.3315
   9.000   2.4826   0.09779   0.09302  -0.2562  0.2749  0.5000  -4.0116   0.0151   0.3234
  10.000   2.5208   0.10210   0.09752  -0.2477  0.2610  0.5000  -4.3009   0.0153   0.3156
  11.000   2.5419   0.10817   0.10368  -0.2386  0.2379  0.5000  -4.5753   0.0155   0.3081
  12.000   2.5326   0.11768   0.11324  -0.2292  0.2047  0.5000  -4.7843   0.0158   0.3015
  13.000   2.4957   0.13069   0.12636  -0.2223  0.1723  0.5000  -4.9198   0.0162   0.2964
  14.000   2.4450   0.14587   0.14177  -0.2204  0.1483  0.5000  -5.0013   0.0166   0.2937
  15.000   2.3836   0.16290   0.15908  -0.2237  0.1289  0.5000  -5.0370   0.0172   0.2933
  16.000   2.3248   0.17988   0.17629  -0.2304  0.1111  0.5000  -5.0600   0.0177   0.2944
  17.000   2.2733   0.19588   0.19243  -0.2388  0.0938  0.5000  -5.0903   0.0182   0.2961


