xflr5 v6.10.03

 Calculated polar for: S1223 MOD2015 FLAP

 1 1 Reynolds number fixed          Mach number fixed         

 xtrf =   0.500 (top)        0.500 (bottom)
 Mach =   0.000     Re =     0.880 e 6     Ncrit =   9.000

  alpha     CL        CD       CDp       Cm    Top Xtr Bot Xtr   Cpmin    Chinge    XCp    
 ------- -------- --------- --------- -------- ------- ------- -------- --------- ---------
  -5.000   0.2609   0.07737   0.07437  -0.0694  0.4814  0.0219  -1.3002  -0.0001   0.5179
  -4.000   0.3440   0.06060   0.05747  -0.0905  0.4579  0.0214  -1.6904   0.0012   0.5136
  -3.000   1.5016   0.07256   0.06689  -0.3114  0.3868  0.1843  -1.8555   0.0136   0.4562
  -2.000   1.6165   0.07509   0.06941  -0.3117  0.3753  0.2539  -1.9990   0.0138   0.4393
   0.000   1.8140   0.07837   0.07261  -0.3067  0.3565  0.3021  -2.2786   0.0142   0.4111
   1.000   1.9072   0.07998   0.07420  -0.3035  0.3476  0.3310  -2.4226   0.0143   0.3989
   2.000   1.9981   0.08142   0.07569  -0.2999  0.3404  0.3655  -2.5645   0.0144   0.3876
   3.000   2.0851   0.08292   0.07731  -0.2958  0.3338  0.4059  -2.7134   0.0145   0.3772
   4.000   2.1656   0.08448   0.07888  -0.2909  0.3245  0.4464  -2.8687   0.0146   0.3673
   5.000   2.2427   0.08601   0.08062  -0.2856  0.3182  0.4889  -3.0393   0.0147   0.3579
   6.000   2.3106   0.08819   0.08293  -0.2792  0.3097  0.5000  -3.2224   0.0148   0.3490
   7.000   2.3712   0.09072   0.08559  -0.2721  0.3006  0.5000  -3.4211   0.0149   0.3403
   8.000   2.4271   0.09354   0.08853  -0.2647  0.2882  0.5000  -3.6945   0.0150   0.3320
   9.000   2.4764   0.09681   0.09201  -0.2569  0.2761  0.5000  -3.9891   0.0151   0.3240
  10.000   2.5142   0.10109   0.09647  -0.2483  0.2624  0.5000  -4.2748   0.0152   0.3162
  11.000   2.5376   0.10679   0.10226  -0.2394  0.2391  0.5000  -4.5522   0.0154   0.3087
  12.000   2.5301   0.11597   0.11148  -0.2298  0.2055  0.5000  -4.7635   0.0157   0.3019
  13.000   2.4955   0.12859   0.12419  -0.2224  0.1734  0.5000  -4.9042   0.0161   0.2967
  14.000   2.4507   0.14288   0.13871  -0.2196  0.1496  0.5000  -5.0022   0.0165   0.2934
  15.000   2.3890   0.15984   0.15593  -0.2223  0.1299  0.5000  -5.0411   0.0170   0.2927
  16.000   2.3314   0.17652   0.17286  -0.2283  0.1120  0.5000  -5.0726   0.0176   0.2935
  17.000   2.2776   0.19282   0.18931  -0.2366  0.0947  0.5000  -5.0969   0.0181   0.2952


