xflr5 v6.10.03

 Calculated polar for: S1223 MOD2015 FLAP

 1 1 Reynolds number fixed          Mach number fixed         

 xtrf =   0.500 (top)        0.500 (bottom)
 Mach =   0.080     Re =     0.960 e 6     Ncrit =   9.000

  alpha     CL        CD       CDp       Cm    Top Xtr Bot Xtr   Cpmin    Chinge    XCp    
 ------- -------- --------- --------- -------- ------- ------- -------- --------- ---------
  -5.000   1.0296   0.05477   0.04965  -0.2665  0.4378  0.0223  -1.7314   0.0102   0.5128
  -4.000   1.2748   0.06304   0.05746  -0.2912  0.4037  0.0244  -1.6285   0.0120   0.4796
  -3.000   1.5075   0.07262   0.06701  -0.3123  0.3819  0.1675  -1.8670   0.0136   0.4559
  -2.000   1.6244   0.07529   0.06967  -0.3128  0.3706  0.2483  -2.0136   0.0139   0.4390
  -1.000   1.7259   0.07706   0.07139  -0.3107  0.3603  0.2770  -2.1511   0.0141   0.4242
   0.000   1.8235   0.07862   0.07294  -0.3079  0.3527  0.2979  -2.2965   0.0142   0.4108
   1.000   1.9171   0.08026   0.07453  -0.3045  0.3422  0.3268  -2.4410   0.0144   0.3986
   2.000   2.0086   0.08169   0.07608  -0.3009  0.3377  0.3602  -2.5855   0.0145   0.3873
   3.000   2.0957   0.08327   0.07774  -0.2967  0.3302  0.4010  -2.7353   0.0146   0.3768
   4.000   2.1775   0.08481   0.07934  -0.2918  0.3216  0.4417  -2.8928   0.0147   0.3669
   5.000   2.2552   0.08641   0.08113  -0.2865  0.3152  0.4837  -3.0657   0.0147   0.3576
   6.000   2.3202   0.08889   0.08367  -0.2795  0.3049  0.5000  -3.2465   0.0149   0.3485
   7.000   2.3856   0.09108   0.08606  -0.2729  0.2974  0.5000  -3.4535   0.0149   0.3399
   8.000   2.4414   0.09393   0.08899  -0.2653  0.2841  0.5000  -3.7301   0.0150   0.3316
   9.000   2.4888   0.09748   0.09271  -0.2571  0.2714  0.5000  -4.0246   0.0151   0.3235
  10.000   2.5275   0.10172   0.09712  -0.2485  0.2560  0.5000  -4.3156   0.0153   0.3156
  11.000   2.5479   0.10780   0.10327  -0.2392  0.2283  0.5000  -4.5901   0.0155   0.3082
  12.000   2.5338   0.11779   0.11327  -0.2294  0.1927  0.5000  -4.7890   0.0158   0.3015
  13.000   2.4981   0.13066   0.12627  -0.2225  0.1634  0.5000  -4.9272   0.0162   0.2964
  14.000   2.4481   0.14573   0.14157  -0.2205  0.1412  0.5000  -5.0111   0.0166   0.2936
  15.000   2.3860   0.16284   0.15895  -0.2238  0.1219  0.5000  -5.0458   0.0172   0.2933
  16.000   2.3224   0.18054   0.17688  -0.2309  0.1047  0.5000  -5.0540   0.0177   0.2947
  17.000   2.2769   0.19563   0.19212  -0.2386  0.0881  0.5000  -5.1050   0.0182   0.2959


