xflr5 v6.10.03

 Calculated polar for: S1223 MOD2015 FLAP

 1 1 Reynolds number fixed          Mach number fixed         

 xtrf =   0.500 (top)        0.500 (bottom)
 Mach =   0.000     Re =     0.960 e 6     Ncrit =   9.000

  alpha     CL        CD       CDp       Cm    Top Xtr Bot Xtr   Cpmin    Chinge    XCp    
 ------- -------- --------- --------- -------- ------- ------- -------- --------- ---------
  -5.000   1.0366   0.05507   0.04993  -0.2677  0.4389  0.0224  -1.6966   0.0103   0.5122
  -4.000   1.2784   0.06327   0.05767  -0.2918  0.4042  0.0246  -1.6263   0.0121   0.4795
  -3.000   1.5056   0.07257   0.06695  -0.3121  0.3824  0.1742  -1.8596   0.0136   0.4561
  -2.000   1.6201   0.07507   0.06945  -0.3124  0.3715  0.2491  -2.0034   0.0139   0.4393
  -1.000   1.7208   0.07682   0.07114  -0.3102  0.3608  0.2775  -2.1395   0.0140   0.4245
   0.000   1.8180   0.07835   0.07267  -0.3075  0.3534  0.2985  -2.2838   0.0142   0.4111
   1.000   1.9109   0.07997   0.07423  -0.3041  0.3428  0.3275  -2.4269   0.0143   0.3989
   2.000   2.0020   0.08137   0.07574  -0.3006  0.3383  0.3612  -2.5701   0.0144   0.3877
   3.000   2.0887   0.08289   0.07734  -0.2965  0.3309  0.4017  -2.7186   0.0145   0.3772
   4.000   2.1700   0.08440   0.07890  -0.2916  0.3219  0.4425  -2.8744   0.0146   0.3674
   5.000   2.2476   0.08593   0.08063  -0.2864  0.3159  0.4847  -3.0461   0.0147   0.3580
   6.000   2.3138   0.08822   0.08299  -0.2798  0.3061  0.5000  -3.2273   0.0148   0.3490
   7.000   2.3778   0.09045   0.08540  -0.2731  0.2982  0.5000  -3.4313   0.0149   0.3404
   8.000   2.4334   0.09323   0.08826  -0.2656  0.2847  0.5000  -3.7064   0.0150   0.3321
   9.000   2.4832   0.09643   0.09164  -0.2578  0.2727  0.5000  -4.0030   0.0151   0.3241
  10.000   2.5216   0.10062   0.09600  -0.2492  0.2573  0.5000  -4.2912   0.0152   0.3163
  11.000   2.5426   0.10651   0.10193  -0.2399  0.2293  0.5000  -4.5647   0.0154   0.3088
  12.000   2.5318   0.11602   0.11145  -0.2301  0.1939  0.5000  -4.7693   0.0157   0.3020
  13.000   2.4999   0.12830   0.12385  -0.2227  0.1648  0.5000  -4.9163   0.0161   0.2966
  14.000   2.4520   0.14299   0.13875  -0.2199  0.1423  0.5000  -5.0069   0.0165   0.2934
  15.000   2.3926   0.15961   0.15563  -0.2223  0.1227  0.5000  -5.0532   0.0170   0.2926
  16.000   2.3285   0.17725   0.17350  -0.2289  0.1051  0.5000  -5.0649   0.0176   0.2938
  17.000   2.2801   0.19272   0.18914  -0.2366  0.0887  0.5000  -5.1078   0.0181   0.2951


