XFLR5 v6.09.06

 Calculated polar for: S1223 MOD2015

 1 1 Reynolds number fixed          Mach number fixed         

 xtrf =   1.000 (top)        1.000 (bottom)
 Mach =   0.000     Re =     0.500 e 6     Ncrit =   9.000

  alpha     CL        CD       CDp       Cm    Top Xtr Bot Xtr   Cpmin    Chinge    XCp    
 ------- -------- --------- --------- -------- ------- ------- -------- --------- ---------
 -10.000   0.0531   0.12407   0.12165  -0.0816  0.9598  0.0171  -1.2495   0.0000   1.9278
  -9.500   0.0930   0.11731   0.11489  -0.0887  0.9571  0.0175  -1.1821   0.0000   1.2820
  -8.500   0.1413   0.10559   0.10321  -0.0946  0.9379  0.0187  -1.1713   0.0000   0.9663
  -8.000   0.1588   0.09909   0.09673  -0.0981  0.9250  0.0199  -1.3339   0.0000   0.9073
  -7.500   0.3580   0.05759   0.05472  -0.1351  0.7841  0.0237  -1.2325   0.0000   0.6412
  -7.000   0.3640   0.05634   0.05269  -0.1294  0.6343  0.0242  -1.0922   0.0000   0.6175
  -6.500   0.3668   0.05386   0.04994  -0.1256  0.5764  0.0250  -1.0419   0.0000   0.6028
  -6.000   0.3658   0.05007   0.04604  -0.1233  0.5465  0.0268  -1.0948   0.0000   0.5963
  -5.500   0.3585   0.04573   0.04165  -0.1209  0.5261  0.0279  -1.1923   0.0000   0.5952
  -5.000   0.3649   0.04344   0.03930  -0.1170  0.5058  0.0291  -1.0853   0.0000   0.5771
  -4.500   0.3294   0.03849   0.03446  -0.1130  0.4977  0.0315  -1.3779   0.0000   0.5988
  -4.000   0.6227   0.00314  -0.00331  -0.2350  0.4852  0.0230  -2.7413   0.0000   0.6327
  -3.500   0.7014   0.00263  -0.00421  -0.2402  0.4673  0.0236  -2.3833   0.0000   0.5962
  -3.000   0.7799   0.00220  -0.00478  -0.2453  0.4522  0.0245  -2.0043   0.0000   0.5668
  -2.500   0.8499   0.00211  -0.00504  -0.2484  0.4390  0.0254  -1.6806   0.0000   0.5434
  -2.000   0.9167   0.00205  -0.00522  -0.2507  0.4280  0.0269  -1.4100   0.0000   0.5235
  -1.500   0.9843   0.00207  -0.00536  -0.2532  0.4180  0.0284  -1.3837   0.0000   0.5062
  -1.000   1.0474   0.00209  -0.00543  -0.2546  0.4105  0.0307  -1.4493   0.0000   0.4911
  -0.500   1.1089   0.00221  -0.00541  -0.2557  0.4027  0.0387  -1.5146   0.0000   0.4777
   0.000   1.1821   0.00219  -0.00508  -0.2595  0.3959  0.2068  -1.5880   0.0000   0.4657
   0.500   1.2337   0.00241  -0.00481  -0.2586  0.3906  0.2536  -1.6497   0.0000   0.4549
   1.000   1.2853   0.00270  -0.00458  -0.2577  0.3854  0.2762  -1.7133   0.0000   0.4449
   1.500   1.3414   0.00313  -0.00423  -0.2578  0.3794  0.2946  -1.7823   0.0000   0.4357
   2.000   1.3932   0.00333  -0.00396  -0.2569  0.3759  0.3123  -1.8498   0.0000   0.4270
   2.500   1.4460   0.00360  -0.00366  -0.2563  0.3717  0.3285  -1.9186   0.0000   0.4190
   3.000   1.4981   0.00394  -0.00330  -0.2556  0.3675  0.3491  -1.9875   0.0000   0.4114
   3.500   1.5510   0.00443  -0.00282  -0.2552  0.3626  0.3744  -2.0578   0.0000   0.4045
   4.000   1.6057   0.00498  -0.00223  -0.2552  0.3587  0.4064  -2.1292   0.0000   0.3979
   4.500   1.6554   0.00541  -0.00165  -0.2541  0.3557  0.4469  -2.2008   0.0000   0.3916
   5.000   1.7046   0.00592  -0.00100  -0.2529  0.3518  0.4959  -2.2768   0.0000   0.3855
   5.500   1.7520   0.00651  -0.00027  -0.2515  0.3477  0.5569  -2.3521   0.0000   0.3797
   6.000   1.8042   0.00735   0.00065  -0.2511  0.3430  0.6401  -2.4370   0.0000   0.3744
   6.500   1.8558   0.00817   0.00174  -0.2506  0.3393  0.7743  -2.5240   0.0000   0.3692
   7.000   1.8817   0.00858   0.00241  -0.2449  0.3360  1.0000  -2.5896   0.0000   0.3633
   7.500   1.9203   0.00953   0.00341  -0.2419  0.3319  1.0000  -2.6712   0.0000   0.3581
   8.000   1.9579   0.01064   0.00456  -0.2389  0.3277  1.0000  -2.7596   0.0000   0.3531
   8.500   2.0053   0.01207   0.00592  -0.2379  0.3222  1.0000  -2.8628   0.0000   0.3487
   9.000   2.0314   0.01350   0.00755  -0.2329  0.3189  1.0000  -2.9419   0.0000   0.3436
   9.500   2.0597   0.01518   0.00937  -0.2284  0.3143  1.0000  -3.0394   0.0000   0.3387
  10.000   2.0867   0.01713   0.01141  -0.2240  0.3097  1.0000  -3.1380   0.0000   0.3340
  10.500   2.1162   0.01953   0.01383  -0.2202  0.3038  1.0000  -3.2706   0.0000   0.3296
  11.000   2.1330   0.02228   0.01682  -0.2146  0.2993  1.0000  -3.3895   0.0000   0.3250
  11.500   2.1484   0.02532   0.02003  -0.2091  0.2935  1.0000  -3.5077   0.0000   0.3205
  12.000   2.1603   0.02915   0.02393  -0.2036  0.2864  1.0000  -3.6264   0.0000   0.3162
  12.500   2.1684   0.03317   0.02821  -0.1981  0.2798  1.0000  -3.7398   0.0000   0.3121
  13.000   2.1694   0.03830   0.03345  -0.1924  0.2726  1.0000  -3.8406   0.0000   0.3081
  13.500   2.1699   0.04363   0.03905  -0.1874  0.2657  1.0000  -3.9403   0.0000   0.3044
  14.000   2.1550   0.05060   0.04620  -0.1818  0.2575  1.0000  -4.0153   0.0000   0.3010
  14.500   2.1180   0.05923   0.05515  -0.1753  0.2485  1.0000  -4.0458   0.0000   0.2980
  15.000   2.0670   0.06896   0.06512  -0.1703  0.2383  1.0000  -4.0381   0.0000   0.2962
  15.500   2.0183   0.07902   0.07543  -0.1680  0.2269  1.0000  -4.0233   0.0000   0.2955
  16.000   1.9623   0.09016   0.08684  -0.1674  0.2152  1.0000  -3.9811   0.0000   0.2960
  16.500   1.9011   0.10217   0.09905  -0.1683  0.2029  1.0000  -3.9156   0.0000   0.2978
  17.000   1.8452   0.11382   0.11086  -0.1703  0.1903  1.0000  -3.8529   0.0000   0.3001


