xflr5 v6.10.03

 Calculated polar for: S1223 MOD2015

 1 1 Reynolds number fixed          Mach number fixed         

 xtrf =   0.500 (top)        0.500 (bottom)
 Mach =   0.080     Re =     0.920 e 6     Ncrit =   9.000

  alpha     CL        CD       CDp       Cm    Top Xtr Bot Xtr   Cpmin    Chinge    XCp    
 ------- -------- --------- --------- -------- ------- ------- -------- --------- ---------
  -5.000   0.5442   0.01456   0.00870  -0.2530  0.4872  0.0161  -3.8646   0.0000   0.7256
  -4.000   0.7057   0.01321   0.00674  -0.2641  0.4496  0.0173  -2.9785   0.0000   0.6305
  -3.000   0.8466   0.01284   0.00602  -0.2699  0.4207  0.0181  -2.2295   0.0000   0.5720
  -2.000   0.9787   0.01281   0.00571  -0.2735  0.3991  0.0189  -1.6309   0.0000   0.5302
  -1.000   1.1038   0.01296   0.00570  -0.2754  0.3847  0.0204  -1.5619   0.0000   0.4982
   0.000   1.2247   0.01326   0.00590  -0.2764  0.3728  0.0257  -1.6958   0.0000   0.4724
   1.000   1.3524   0.01363   0.00660  -0.2794  0.3609  0.2210  -1.8376   0.0000   0.4514
   2.000   1.4622   0.01419   0.00727  -0.2781  0.3545  0.2739  -1.9768   0.0000   0.4331
   3.000   1.5694   0.01495   0.00805  -0.2764  0.3464  0.3115  -2.1207   0.0000   0.4172
   4.000   1.6744   0.01588   0.00905  -0.2745  0.3392  0.3589  -2.2635   0.0000   0.4032
   5.000   1.7780   0.01671   0.01005  -0.2724  0.3335  0.4296  -2.4091   0.0000   0.3905
   6.000   1.8763   0.01791   0.01135  -0.2694  0.3250  0.5000  -2.5661   0.0000   0.3789
   7.000   1.9708   0.01904   0.01258  -0.2657  0.3189  0.5000  -2.7322   0.0000   0.3681
   8.000   2.0603   0.02027   0.01390  -0.2613  0.3117  0.5000  -2.9121   0.0000   0.3580
   9.000   2.1434   0.02196   0.01568  -0.2560  0.3028  0.5000  -3.1097   0.0000   0.3485
  10.000   2.2260   0.02343   0.01732  -0.2508  0.2941  0.5000  -3.3359   0.0000   0.3395
  11.000   2.3009   0.02542   0.01946  -0.2447  0.2822  0.5000  -3.6305   0.0000   0.3309
  12.000   2.3678   0.02797   0.02214  -0.2378  0.2687  0.5000  -3.9462   0.0000   0.3225
  13.000   2.4274   0.03116   0.02548  -0.2304  0.2531  0.5000  -4.2655   0.0000   0.3146
  14.000   2.4723   0.03566   0.03013  -0.2219  0.2315  0.5000  -4.5798   0.0000   0.3069
  15.000   2.4784   0.04412   0.03859  -0.2109  0.1965  0.5000  -4.8169   0.0000   0.2995
  16.000   2.4462   0.05813   0.05271  -0.2008  0.1639  0.5000  -4.9639   0.0000   0.2936
  17.000   2.3845   0.07906   0.07399  -0.1964  0.1427  0.5000  -5.0273   0.0000   0.2908


