xflr5 v6.10.03

 Calculated polar for: S1223 MOD2015 FLAP

 1 1 Reynolds number fixed          Mach number fixed         

 xtrf =   0.500 (top)        0.500 (bottom)
 Mach =   0.080     Re =     0.860 e 6     Ncrit =   9.000

  alpha     CL        CD       CDp       Cm    Top Xtr Bot Xtr   Cpmin    Chinge    XCp    
 ------- -------- --------- --------- -------- ------- ------- -------- --------- ---------
  -5.000   0.9957   0.05351   0.04834  -0.2602  0.4461  0.0232  -1.7910   0.0099   0.5153
  -4.000   1.2673   0.06285   0.05720  -0.2899  0.4104  0.0259  -1.6216   0.0120   0.4799
  -3.000   1.5037   0.07270   0.06701  -0.3117  0.3870  0.1840  -1.8627   0.0136   0.4560
  -2.000   1.6198   0.07530   0.06961  -0.3120  0.3754  0.2543  -2.0079   0.0139   0.4391
   0.000   1.8185   0.07864   0.07286  -0.3070  0.3566  0.3025  -2.2900   0.0142   0.4108
   1.000   1.9122   0.08027   0.07448  -0.3037  0.3478  0.3312  -2.4352   0.0143   0.3986
   2.000   2.0038   0.08174   0.07600  -0.3001  0.3405  0.3658  -2.5785   0.0144   0.3873
   3.000   2.0911   0.08329   0.07766  -0.2959  0.3339  0.4062  -2.7288   0.0145   0.3768
   4.000   2.1720   0.08488   0.07929  -0.2909  0.3247  0.4467  -2.8854   0.0146   0.3669
   5.000   2.2492   0.08649   0.08109  -0.2855  0.3182  0.4890  -3.0571   0.0147   0.3575
   6.000   2.3160   0.08887   0.08361  -0.2788  0.3097  0.5000  -3.2400   0.0148   0.3484
   7.000   2.3774   0.09140   0.08628  -0.2716  0.3005  0.5000  -3.4405   0.0149   0.3398
   8.000   2.4327   0.09437   0.08938  -0.2641  0.2882  0.5000  -3.7136   0.0150   0.3314
   9.000   2.4807   0.09789   0.09311  -0.2560  0.2758  0.5000  -4.0077   0.0151   0.3234
  10.000   2.5185   0.10225   0.09767  -0.2474  0.2621  0.5000  -4.2960   0.0153   0.3155
  11.000   2.5421   0.10807   0.10361  -0.2385  0.2403  0.5000  -4.5750   0.0155   0.3081
  12.000   2.5350   0.11732   0.11292  -0.2293  0.2080  0.5000  -4.7892   0.0158   0.3014
  13.000   2.4945   0.13078   0.12646  -0.2222  0.1745  0.5000  -4.9162   0.0162   0.2964
  14.000   2.4458   0.14568   0.14160  -0.2202  0.1503  0.5000  -5.0031   0.0166   0.2936
  15.000   2.3806   0.16325   0.15943  -0.2239  0.1304  0.5000  -5.0278   0.0172   0.2935
  16.000   2.3244   0.17985   0.17628  -0.2303  0.1128  0.5000  -5.0583   0.0177   0.2944
  17.000   2.2744   0.19562   0.19219  -0.2385  0.0955  0.5000  -5.0937   0.0182   0.2960


