xflr5 v6.10.03

 Calculated polar for: S1223 MOD2015

 1 1 Reynolds number fixed          Mach number fixed         

 xtrf =   0.500 (top)        0.500 (bottom)
 Mach =   0.080     Re =     0.700 e 6     Ncrit =   9.000

  alpha     CL        CD       CDp       Cm    Top Xtr Bot Xtr   Cpmin    Chinge    XCp    
 ------- -------- --------- --------- -------- ------- ------- -------- --------- ---------
  -5.000   0.3239   0.06467   0.06058  -0.1247  0.5000  0.0209  -1.5571   0.0000   0.6471
  -4.000   0.6734   0.01456   0.00800  -0.2567  0.4688  0.0192  -3.0014   0.0000   0.6377
  -3.000   0.8197   0.01391   0.00687  -0.2638  0.4380  0.0202  -2.2216   0.0000   0.5751
  -2.000   0.9615   0.01362   0.00630  -0.2698  0.4145  0.0214  -1.6271   0.0000   0.5314
  -1.000   1.0881   0.01385   0.00629  -0.2721  0.3972  0.0237  -1.5472   0.0000   0.4987
   0.000   1.2114   0.01418   0.00648  -0.2737  0.3834  0.0340  -1.6821   0.0000   0.4726
   1.000   1.3392   0.01450   0.00724  -0.2766  0.3735  0.2438  -1.8238   0.0000   0.4514
   2.000   1.4469   0.01531   0.00802  -0.2750  0.3638  0.2862  -1.9603   0.0000   0.4330
   3.000   1.5552   0.01615   0.00890  -0.2736  0.3563  0.3239  -2.1034   0.0000   0.4170
   4.000   1.6620   0.01698   0.00984  -0.2720  0.3489  0.3752  -2.2478   0.0000   0.4029
   5.000   1.7668   0.01825   0.01121  -0.2703  0.3406  0.4549  -2.3934   0.0000   0.3903
   6.000   1.8651   0.01922   0.01236  -0.2673  0.3346  0.5000  -2.5503   0.0000   0.3787
   7.000   1.9572   0.02053   0.01370  -0.2632  0.3269  0.5000  -2.7145   0.0000   0.3678
   8.000   2.0463   0.02207   0.01535  -0.2588  0.3193  0.5000  -2.8921   0.0000   0.3577
   9.000   2.1287   0.02358   0.01702  -0.2534  0.3112  0.5000  -3.0884   0.0000   0.3481
  10.000   2.2056   0.02563   0.01921  -0.2474  0.3021  0.5000  -3.3042   0.0000   0.3390
  11.000   2.2764   0.02770   0.02149  -0.2406  0.2919  0.5000  -3.5852   0.0000   0.3303
  12.000   2.3412   0.03030   0.02431  -0.2336  0.2782  0.5000  -3.8935   0.0000   0.3219
  13.000   2.3972   0.03376   0.02799  -0.2260  0.2649  0.5000  -4.2035   0.0000   0.3139
  14.000   2.4414   0.03840   0.03284  -0.2179  0.2479  0.5000  -4.5106   0.0000   0.3063
  15.000   2.4648   0.04539   0.04003  -0.2091  0.2272  0.5000  -4.7816   0.0000   0.2992
  16.000   2.4534   0.05704   0.05188  -0.2004  0.1994  0.5000  -4.9749   0.0000   0.2932
  17.000   2.3882   0.07800   0.07312  -0.1953  0.1717  0.5000  -5.0319   0.0000   0.2902


