xflr5 v6.10.03

 Calculated polar for: S1223 MOD2015

 1 1 Reynolds number fixed          Mach number fixed         

 xtrf =   0.500 (top)        0.500 (bottom)
 Mach =   0.000     Re =     0.780 e 6     Ncrit =   9.000

  alpha     CL        CD       CDp       Cm    Top Xtr Bot Xtr   Cpmin    Chinge    XCp    
 ------- -------- --------- --------- -------- ------- ------- -------- --------- ---------
  -5.000   0.5213   0.01574   0.00979  -0.2467  0.5000  0.0169  -3.8330   0.0000   0.7343
  -4.000   0.6885   0.01389   0.00733  -0.2599  0.4614  0.0185  -2.9607   0.0000   0.6338
  -3.000   0.8310   0.01336   0.00643  -0.2662  0.4331  0.0195  -2.2016   0.0000   0.5736
  -2.000   0.9639   0.01327   0.00606  -0.2701  0.4101  0.0201  -1.6186   0.0000   0.5310
  -1.000   1.0932   0.01337   0.00595  -0.2732  0.3935  0.0226  -1.5471   0.0000   0.4986
   0.000   1.2130   0.01381   0.00621  -0.2742  0.3788  0.0298  -1.6789   0.0000   0.4727
   1.000   1.3410   0.01400   0.00684  -0.2773  0.3699  0.2335  -1.8206   0.0000   0.4516
   2.000   1.4480   0.01488   0.00768  -0.2757  0.3594  0.2809  -1.9557   0.0000   0.4333
   3.000   1.5561   0.01551   0.00842  -0.2743  0.3532  0.3194  -2.0990   0.0000   0.4174
   4.000   1.6612   0.01642   0.00938  -0.2726  0.3452  0.3695  -2.2415   0.0000   0.4033
   5.000   1.7647   0.01746   0.01058  -0.2707  0.3386  0.4465  -2.3850   0.0000   0.3907
   6.000   1.8636   0.01843   0.01170  -0.2679  0.3318  0.5000  -2.5419   0.0000   0.3791
   7.000   1.9557   0.01998   0.01321  -0.2641  0.3225  0.5000  -2.7041   0.0000   0.3684
   8.000   2.0442   0.02110   0.01452  -0.2596  0.3169  0.5000  -2.8814   0.0000   0.3583
   9.000   2.1266   0.02266   0.01618  -0.2544  0.3083  0.5000  -3.0767   0.0000   0.3487
  10.000   2.2061   0.02440   0.01810  -0.2489  0.2998  0.5000  -3.2956   0.0000   0.3397
  11.000   2.2755   0.02662   0.02043  -0.2422  0.2881  0.5000  -3.5759   0.0000   0.3310
  12.000   2.3447   0.02884   0.02288  -0.2359  0.2754  0.5000  -3.8911   0.0000   0.3228
  13.000   2.4047   0.03193   0.02618  -0.2288  0.2619  0.5000  -4.2066   0.0000   0.3149
  14.000   2.4495   0.03634   0.03076  -0.2206  0.2438  0.5000  -4.5154   0.0000   0.3072
  15.000   2.4739   0.04298   0.03754  -0.2115  0.2196  0.5000  -4.7872   0.0000   0.3000
  16.000   2.4534   0.05523   0.04988  -0.2015  0.1853  0.5000  -4.9600   0.0000   0.2938
  17.000   2.3918   0.07535   0.07028  -0.1958  0.1584  0.5000  -5.0270   0.0000   0.2904


