xflr5 v6.10.03

 Calculated polar for: S1223 MOD2015 FLAP

 1 1 Reynolds number fixed          Mach number fixed         

 xtrf =   0.500 (top)        0.500 (bottom)
 Mach =   0.080     Re =     0.660 e 6     Ncrit =   9.000

  alpha     CL        CD       CDp       Cm    Top Xtr Bot Xtr   Cpmin    Chinge    XCp    
 ------- -------- --------- --------- -------- ------- ------- -------- --------- ---------
  -5.000   0.2645   0.07835   0.07519  -0.0689  0.5000  0.0255  -1.2088  -0.0001   0.5120
  -3.000   1.4923   0.07247   0.06659  -0.3097  0.4010  0.2057  -1.8493   0.0135   0.4563
  -2.000   1.6057   0.07496   0.06895  -0.3096  0.3859  0.2652  -1.9915   0.0137   0.4393
  -1.000   1.7077   0.07662   0.07057  -0.3075  0.3765  0.2914  -2.1292   0.0139   0.4243
   0.000   1.8059   0.07832   0.07218  -0.3048  0.3659  0.3130  -2.2738   0.0140   0.4108
   1.000   1.9026   0.07985   0.07378  -0.3019  0.3581  0.3427  -2.4202   0.0142   0.3985
   2.000   1.9941   0.08144   0.07544  -0.2983  0.3506  0.3787  -2.5635   0.0143   0.3871
   3.000   2.0832   0.08260   0.07662  -0.2943  0.3416  0.4202  -2.7155   0.0144   0.3766
   4.000   2.1636   0.08432   0.07855  -0.2893  0.3350  0.4615  -2.8717   0.0145   0.3667
   5.000   2.2379   0.08602   0.08035  -0.2834  0.3262  0.5000  -3.0400   0.0146   0.3572
   6.000   2.3102   0.08796   0.08247  -0.2776  0.3182  0.5000  -3.2280   0.0147   0.3483
   7.000   2.3661   0.09116   0.08583  -0.2698  0.3089  0.5000  -3.4208   0.0149   0.3396
   8.000   2.4198   0.09424   0.08912  -0.2621  0.2985  0.5000  -3.6866   0.0150   0.3312
   9.000   2.4573   0.09895   0.09399  -0.2530  0.2845  0.5000  -3.9588   0.0152   0.3231
  10.000   2.4935   0.10367   0.09899  -0.2446  0.2719  0.5000  -4.2418   0.0153   0.3153
  11.000   2.5198   0.10931   0.10488  -0.2363  0.2564  0.5000  -4.5207   0.0155   0.3080
  12.000   2.5252   0.11731   0.11310  -0.2280  0.2373  0.5000  -4.7594   0.0157   0.3013
  13.000   2.5088   0.12792   0.12393  -0.2214  0.2107  0.5000  -4.9436   0.0161   0.2958
  14.000   2.4555   0.14334   0.13953  -0.2188  0.1804  0.5000  -5.0224   0.0165   0.2928
  15.000   2.3869   0.16126   0.15768  -0.2221  0.1546  0.5000  -5.0413   0.0171   0.2926
  16.000   2.3177   0.17969   0.17628  -0.2297  0.1318  0.5000  -5.0300   0.0177   0.2944
  17.000   2.2710   0.19495   0.19172  -0.2376  0.1121  0.5000  -5.0754   0.0182   0.2958


