XFLR5 v6.09.06

 Calculated polar for: S1223 MOD2015

 1 1 Reynolds number fixed          Mach number fixed         

 xtrf =   1.000 (top)        1.000 (bottom)
 Mach =   0.000     Re =     0.280 e 6     Ncrit =   9.000

  alpha     CL        CD       CDp       Cm    Top Xtr Bot Xtr   Cpmin    Chinge    XCp    
 ------- -------- --------- --------- -------- ------- ------- -------- --------- ---------
 -10.000   0.1258   0.10963   0.10685  -0.0792  0.9387  0.0267  -0.8564   0.0000   0.9171
  -9.000   0.1759   0.09600   0.09324  -0.0876  0.9233  0.0284  -0.9007   0.0000   0.7732
  -8.500   0.1968   0.08990   0.08716  -0.0898  0.9098  0.0301  -0.8973   0.0000   0.7277
  -8.000   0.2033   0.08321   0.08049  -0.0930  0.8940  0.0317  -1.0818   0.0000   0.7269
  -7.500   0.2270   0.07781   0.07510  -0.0920  0.8662  0.0329  -0.9551   0.0000   0.6709
  -7.000   0.2457   0.06955   0.06677  -0.1011  0.8410  0.0361  -1.1648   0.0000   0.6757
  -6.500   0.3385   0.05690   0.05371  -0.1237  0.7812  0.0412  -1.1045   0.0000   0.6264
  -6.000   0.3907   0.05145   0.04740  -0.1277  0.6468  0.0430  -0.9141   0.0000   0.5856
  -5.500   0.3884   0.04901   0.04465  -0.1235  0.5939  0.0452  -0.9245   0.0000   0.5753
  -4.000   0.3475   0.06125   0.05661  -0.1238  0.5623  0.0480  -1.2664   0.0000   0.6141
  -3.500   0.3645   0.05841   0.05366  -0.1219  0.5381  0.0502  -1.1643   0.0000   0.5903
  -3.000   0.3956   0.05141   0.04657  -0.1318  0.5212  0.0551  -1.2525   0.0000   0.5873
  -2.500   0.8368   0.01760   0.00941  -0.2550  0.4900  0.0360  -1.8502   0.0000   0.5569
  -2.000   0.9134   0.01730   0.00900  -0.2594  0.4754  0.0382  -1.5104   0.0000   0.5349
  -1.500   0.9900   0.01738   0.00881  -0.2636  0.4622  0.0405  -1.4358   0.0000   0.5161
  -1.000   1.0617   0.01734   0.00869  -0.2668  0.4515  0.0451  -1.5064   0.0000   0.5001
  -0.500   1.1529   0.01735   0.00887  -0.2745  0.4410  0.2024  -1.5916   0.0000   0.4859
   0.000   1.2073   0.01785   0.00938  -0.2737  0.4341  0.2595  -1.6512   0.0000   0.4735
   0.500   1.2627   0.01839   0.00987  -0.2732  0.4268  0.2889  -1.7149   0.0000   0.4622
   1.000   1.3279   0.01912   0.01043  -0.2748  0.4195  0.3142  -1.7876   0.0000   0.4519
   1.500   1.3837   0.01951   0.01087  -0.2745  0.4144  0.3349  -1.8539   0.0000   0.4424
   2.000   1.4436   0.01992   0.01125  -0.2750  0.4089  0.3498  -1.9269   0.0000   0.4337
   2.500   1.5042   0.02044   0.01170  -0.2758  0.4034  0.3696  -2.0017   0.0000   0.4256
   3.000   1.5713   0.02119   0.01242  -0.2781  0.3980  0.3946  -2.0811   0.0000   0.4183
   3.500   1.6261   0.02169   0.01305  -0.2777  0.3937  0.4252  -2.1507   0.0000   0.4112
   4.000   1.6817   0.02223   0.01370  -0.2775  0.3887  0.4658  -2.2234   0.0000   0.4045
   4.500   1.7402   0.02285   0.01442  -0.2780  0.3841  0.5184  -2.3034   0.0000   0.3982
   5.000   1.8091   0.02390   0.01552  -0.2808  0.3792  0.5967  -2.3959   0.0000   0.3928
   5.500   1.8578   0.02444   0.01645  -0.2793  0.3755  0.7119  -2.4715   0.0000   0.3869
   6.500   1.9410   0.02547   0.01776  -0.2733  0.3666  1.0000  -2.6219   0.0000   0.3754
   7.000   1.9964   0.02640   0.01859  -0.2734  0.3621  1.0000  -2.7178   0.0000   0.3705
   7.500   2.0447   0.02751   0.01979  -0.2722  0.3577  1.0000  -2.8085   0.0000   0.3656
   8.000   2.0806   0.02840   0.02085  -0.2683  0.3531  1.0000  -2.8933   0.0000   0.3605
   8.500   2.1191   0.02924   0.02177  -0.2651  0.3482  1.0000  -2.9871   0.0000   0.3555
   9.000   2.1660   0.03013   0.02263  -0.2637  0.3435  1.0000  -3.0920   0.0000   0.3510
   9.500   2.2052   0.03146   0.02410  -0.2609  0.3387  1.0000  -3.2018   0.0000   0.3465
  10.000   2.2262   0.03260   0.02548  -0.2545  0.3335  1.0000  -3.2932   0.0000   0.3415
  10.500   2.2574   0.03364   0.02662  -0.2503  0.3284  1.0000  -3.4255   0.0000   0.3369
  11.000   2.3073   0.03478   0.02768  -0.2498  0.3223  1.0000  -3.6021   0.0000   0.3331
  11.500   2.3084   0.03656   0.02985  -0.2404  0.3173  1.0000  -3.6970   0.0000   0.3278
  12.000   2.3255   0.03816   0.03164  -0.2343  0.3114  1.0000  -3.8251   0.0000   0.3232
  12.500   2.3565   0.03940   0.03285  -0.2307  0.3051  1.0000  -3.9846   0.0000   0.3191
  13.000   2.3522   0.04223   0.03607  -0.2221  0.2987  1.0000  -4.0770   0.0000   0.3144
  13.500   2.3598   0.04464   0.03867  -0.2158  0.2918  1.0000  -4.1932   0.0000   0.3102
  14.000   2.3687   0.04749   0.04165  -0.2104  0.2851  1.0000  -4.3180   0.0000   0.3063
  14.500   2.3638   0.05160   0.04609  -0.2043  0.2775  1.0000  -4.4137   0.0000   0.3025
  15.000   2.3728   0.05505   0.04959  -0.2003  0.2704  1.0000  -4.5395   0.0000   0.2991
  15.500   2.3569   0.06131   0.05626  -0.1955  0.2621  1.0000  -4.6076   0.0000   0.2962
  16.000   2.3508   0.06713   0.06221  -0.1922  0.2535  1.0000  -4.6970   0.0000   0.2936
  16.500   2.3275   0.07574   0.07111  -0.1899  0.2433  1.0000  -4.7424   0.0000   0.2918
  17.000   2.2983   0.08599   0.08162  -0.1892  0.2327  1.0000  -4.7683   0.0000   0.2910


