xflr5 v6.10.03

 Calculated polar for: S1223 MOD2015 FLAP

 1 1 Reynolds number fixed          Mach number fixed         

 xtrf =   0.500 (top)        0.500 (bottom)
 Mach =   0.080     Re =     0.800 e 6     Ncrit =   9.000

  alpha     CL        CD       CDp       Cm    Top Xtr Bot Xtr   Cpmin    Chinge    XCp    
 ------- -------- --------- --------- -------- ------- ------- -------- --------- ---------
  -5.000   0.2604   0.07491   0.07186  -0.0730  0.4887  0.0241  -1.5275   0.0000   0.5328
  -4.000   0.3720   0.05675   0.05352  -0.1005  0.4626  0.0215  -1.8829   0.0016   0.5212
  -2.000   1.6162   0.07526   0.06950  -0.3114  0.3783  0.2574  -2.0036   0.0138   0.4391
  -1.000   1.7167   0.07700   0.07114  -0.3091  0.3676  0.2847  -2.1406   0.0140   0.4243
   0.000   1.8149   0.07860   0.07273  -0.3064  0.3589  0.3055  -2.2853   0.0142   0.4108
   1.000   1.9093   0.08020   0.07435  -0.3032  0.3509  0.3340  -2.4310   0.0143   0.3985
   2.000   2.0011   0.08166   0.07581  -0.2996  0.3420  0.3692  -2.5741   0.0144   0.3872
   3.000   2.0882   0.08325   0.07755  -0.2954  0.3361  0.4098  -2.7244   0.0145   0.3767
   4.000   2.1692   0.08489   0.07927  -0.2904  0.3282  0.4506  -2.8816   0.0146   0.3668
   5.000   2.2458   0.08641   0.08094  -0.2849  0.3201  0.4926  -3.0522   0.0147   0.3574
   6.000   2.3141   0.08871   0.08341  -0.2784  0.3121  0.5000  -3.2365   0.0148   0.3484
   7.000   2.3731   0.09144   0.08624  -0.2710  0.3022  0.5000  -3.4334   0.0149   0.3397
   8.000   2.4296   0.09436   0.08936  -0.2636  0.2915  0.5000  -3.7071   0.0150   0.3314
   9.000   2.4744   0.09822   0.09342  -0.2552  0.2784  0.5000  -3.9946   0.0152   0.3233
  10.000   2.5105   0.10280   0.09819  -0.2465  0.2652  0.5000  -4.2791   0.0153   0.3155
  11.000   2.5374   0.10829   0.10387  -0.2380  0.2468  0.5000  -4.5633   0.0155   0.3081
  12.000   2.5340   0.11719   0.11286  -0.2290  0.2183  0.5000  -4.7850   0.0157   0.3014
  13.000   2.5001   0.12983   0.12561  -0.2220  0.1843  0.5000  -4.9282   0.0161   0.2962
  14.000   2.4427   0.14584   0.14182  -0.2201  0.1568  0.5000  -4.9934   0.0166   0.2936
  15.000   2.3822   0.16275   0.15898  -0.2234  0.1358  0.5000  -5.0315   0.0172   0.2933
  16.000   2.3185   0.18047   0.17693  -0.2306  0.1175  0.5000  -5.0370   0.0177   0.2948
  17.000   2.2754   0.19520   0.19183  -0.2381  0.1006  0.5000  -5.0954   0.0182   0.2958


