xflr5 v6.10.03

 Calculated polar for: S1223 MOD2015

 1 1 Reynolds number fixed          Mach number fixed         

 xtrf =   0.500 (top)        0.500 (bottom)
 Mach =   0.080     Re =     0.760 e 6     Ncrit =   9.000

  alpha     CL        CD       CDp       Cm    Top Xtr Bot Xtr   Cpmin    Chinge    XCp    
 ------- -------- --------- --------- -------- ------- ------- -------- --------- ---------
  -5.000   0.5142   0.01603   0.01013  -0.2456  0.5000  0.0171  -3.8767   0.0000   0.7387
  -4.000   0.6832   0.01414   0.00760  -0.2590  0.4618  0.0186  -2.9952   0.0000   0.6355
  -3.000   0.8281   0.01355   0.00660  -0.2657  0.4334  0.0197  -2.2203   0.0000   0.5741
  -2.000   0.9652   0.01338   0.00614  -0.2705  0.4103  0.0204  -1.6333   0.0000   0.5311
  -1.000   1.0936   0.01352   0.00608  -0.2733  0.3938  0.0229  -1.5523   0.0000   0.4985
   0.000   1.2143   0.01398   0.00635  -0.2743  0.3790  0.0300  -1.6852   0.0000   0.4726
   1.000   1.3430   0.01417   0.00699  -0.2774  0.3703  0.2342  -1.8281   0.0000   0.4514
   2.000   1.4505   0.01509   0.00786  -0.2758  0.3596  0.2816  -1.9641   0.0000   0.4331
   3.000   1.5591   0.01574   0.00861  -0.2744  0.3536  0.3196  -2.1084   0.0000   0.4171
   4.000   1.6648   0.01665   0.00959  -0.2726  0.3457  0.3697  -2.2522   0.0000   0.4030
   5.000   1.7688   0.01775   0.01084  -0.2706  0.3388  0.4468  -2.3969   0.0000   0.3903
   6.000   1.8681   0.01874   0.01200  -0.2678  0.3320  0.5000  -2.5550   0.0000   0.3787
   7.000   1.9607   0.02029   0.01351  -0.2639  0.3229  0.5000  -2.7188   0.0000   0.3679
   8.000   2.0494   0.02151   0.01491  -0.2593  0.3171  0.5000  -2.8970   0.0000   0.3578
   9.000   2.1316   0.02311   0.01662  -0.2539  0.3084  0.5000  -3.0933   0.0000   0.3482
  10.000   2.2107   0.02494   0.01864  -0.2482  0.2998  0.5000  -3.3125   0.0000   0.3391
  11.000   2.2800   0.02723   0.02105  -0.2412  0.2884  0.5000  -3.5924   0.0000   0.3304
  12.000   2.3483   0.02960   0.02364  -0.2347  0.2752  0.5000  -3.9079   0.0000   0.3221
  13.000   2.4068   0.03289   0.02716  -0.2273  0.2616  0.5000  -4.2233   0.0000   0.3141
  14.000   2.4504   0.03756   0.03202  -0.2190  0.2436  0.5000  -4.5309   0.0000   0.3065
  15.000   2.4734   0.04454   0.03917  -0.2100  0.2211  0.5000  -4.8021   0.0000   0.2993
  16.000   2.4532   0.05712   0.05188  -0.2006  0.1888  0.5000  -4.9764   0.0000   0.2933
  17.000   2.3833   0.07888   0.07394  -0.1957  0.1619  0.5000  -5.0211   0.0000   0.2905


