xflr5 v6.10.03

 Calculated polar for: S1223 MOD2015 FLAP

 1 1 Reynolds number fixed          Mach number fixed         

 xtrf =   0.500 (top)        0.500 (bottom)
 Mach =   0.080     Re =     0.560 e 6     Ncrit =   9.000

  alpha     CL        CD       CDp       Cm    Top Xtr Bot Xtr   Cpmin    Chinge    XCp    
 ------- -------- --------- --------- -------- ------- ------- -------- --------- ---------
  -5.000   0.2609   0.07773   0.07441  -0.0699  0.5000  0.0284  -1.2741  -0.0001   0.5197
  -4.000   0.3174   0.06813   0.06477  -0.0776  0.4840  0.0326  -1.2294   0.0005   0.4938
  -2.000   1.5989   0.07451   0.06836  -0.3084  0.3952  0.2719  -1.9825   0.0136   0.4394
  -1.000   1.7014   0.07599   0.06970  -0.3063  0.3827  0.2995  -2.1203   0.0137   0.4243
   0.000   1.8011   0.07778   0.07152  -0.3039  0.3740  0.3212  -2.2659   0.0139   0.4107
   1.000   1.8991   0.07906   0.07273  -0.3011  0.3638  0.3511  -2.4131   0.0141   0.3984
   2.000   1.9918   0.08063   0.07444  -0.2977  0.3570  0.3877  -2.5562   0.0142   0.3870
   3.000   2.0782   0.08217   0.07608  -0.2934  0.3491  0.4290  -2.7072   0.0143   0.3765
   4.000   2.1631   0.08316   0.07715  -0.2889  0.3404  0.4717  -2.8675   0.0144   0.3666
   5.000   2.2365   0.08516   0.07938  -0.2830  0.3326  0.5000  -3.0348   0.0145   0.3572
   6.000   2.3133   0.08649   0.08072  -0.2777  0.3224  0.5000  -3.2286   0.0146   0.3483
   7.000   2.3679   0.08988   0.08443  -0.2698  0.3144  0.5000  -3.4199   0.0148   0.3396
   8.000   2.4182   0.09316   0.08781  -0.2616  0.3031  0.5000  -3.6805   0.0149   0.3312
   9.000   2.4517   0.09848   0.09347  -0.2521  0.2910  0.5000  -3.9442   0.0151   0.3230
  10.000   2.4832   0.10369   0.09897  -0.2433  0.2780  0.5000  -4.2173   0.0153   0.3152
  11.000   2.5060   0.10979   0.10534  -0.2349  0.2638  0.5000  -4.4860   0.0155   0.3079
  12.000   2.5132   0.11770   0.11354  -0.2270  0.2458  0.5000  -4.7269   0.0157   0.3013
  13.000   2.5015   0.12780   0.12391  -0.2206  0.2250  0.5000  -4.9205   0.0161   0.2957
  14.000   2.4612   0.14158   0.13793  -0.2176  0.1999  0.5000  -5.0321   0.0165   0.2922
  15.000   2.3941   0.15924   0.15580  -0.2204  0.1730  0.5000  -5.0581   0.0170   0.2917
  16.000   2.3295   0.17692   0.17369  -0.2273  0.1483  0.5000  -5.0632   0.0176   0.2930
  17.000   2.2773   0.19292   0.18983  -0.2356  0.1257  0.5000  -5.0926   0.0181   0.2947


