XFLR5 v6.09.06

 Calculated polar for: S1223 MOD2015

 1 1 Reynolds number fixed          Mach number fixed         

 xtrf =   1.000 (top)        1.000 (bottom)
 Mach =   0.080     Re =     0.320 e 6     Ncrit =   9.000

  alpha     CL        CD       CDp       Cm    Top Xtr Bot Xtr   Cpmin    Chinge    XCp    
 ------- -------- --------- --------- -------- ------- ------- -------- --------- ---------
 -10.000  -0.0033   0.13373   0.13087  -0.0645  0.9676  0.0224  -1.1255   0.0000  -21.5087
  -9.500   0.0252   0.12659   0.12373  -0.0710  0.9604  0.0234  -1.2256   0.0000   3.3333
  -8.500   0.0966   0.11249   0.10967  -0.0833  0.9474  0.0245  -1.1921   0.0000   1.1779
  -8.000   0.1267   0.10623   0.10342  -0.0876  0.9365  0.0258  -1.1757   0.0000   0.9887
  -7.500   0.1436   0.09901   0.09623  -0.0943  0.9230  0.0275  -1.4292   0.0000   0.9466
  -7.000   0.1684   0.09426   0.09153  -0.0925  0.9010  0.0284  -1.2612   0.0000   0.8305
  -4.000   0.3436   0.06183   0.05723  -0.1206  0.5429  0.0426  -1.2504   0.0000   0.6088
  -3.500   0.3579   0.05809   0.05341  -0.1207  0.5229  0.0454  -1.2162   0.0000   0.5933
  -3.000   0.3853   0.05184   0.04708  -0.1278  0.5069  0.0486  -1.2671   0.0000   0.5860
  -2.500   0.8445   0.01689   0.00890  -0.2569  0.4777  0.0326  -1.8788   0.0000   0.5563
  -2.000   0.9174   0.01683   0.00863  -0.2604  0.4636  0.0350  -1.5465   0.0000   0.5347
  -1.500   0.9920   0.01671   0.00839  -0.2641  0.4518  0.0366  -1.4445   0.0000   0.5160
  -1.000   1.0655   0.01694   0.00836  -0.2675  0.4406  0.0403  -1.5174   0.0000   0.4999
  -0.500   1.1363   0.01693   0.00835  -0.2704  0.4325  0.0586  -1.5884   0.0000   0.4857
   0.000   1.2080   0.01714   0.00888  -0.2737  0.4246  0.2436  -1.6618   0.0000   0.4733
   0.500   1.2656   0.01781   0.00941  -0.2735  0.4176  0.2772  -1.7264   0.0000   0.4620
   1.000   1.3215   0.01823   0.00982  -0.2731  0.4115  0.2988  -1.7925   0.0000   0.4516
   1.500   1.3789   0.01870   0.01026  -0.2730  0.4059  0.3224  -1.8608   0.0000   0.4420
   2.000   1.4461   0.01936   0.01077  -0.2751  0.3999  0.3390  -1.9403   0.0000   0.4333
   2.500   1.5019   0.01974   0.01125  -0.2748  0.3955  0.3569  -2.0110   0.0000   0.4251
   3.000   1.5582   0.02020   0.01176  -0.2746  0.3905  0.3792  -2.0829   0.0000   0.4175
   3.500   1.6160   0.02072   0.01231  -0.2747  0.3860  0.4077  -2.1565   0.0000   0.4103
   4.500   1.7383   0.02212   0.01387  -0.2767  0.3768  0.4969  -2.3144   0.0000   0.3976
   5.000   1.7921   0.02272   0.01469  -0.2761  0.3728  0.5618  -2.3941   0.0000   0.3916
   5.500   1.8465   0.02334   0.01554  -0.2757  0.3684  0.6582  -2.4757   0.0000   0.3858
   6.000   1.8852   0.02357   0.01609  -0.2719  0.3643  1.0000  -2.5474   0.0000   0.3797
   6.500   1.9486   0.02469   0.01710  -0.2736  0.3593  1.0000  -2.6444   0.0000   0.3749
   7.000   1.9878   0.02544   0.01799  -0.2702  0.3557  1.0000  -2.7228   0.0000   0.3694
   7.500   2.0290   0.02625   0.01889  -0.2673  0.3512  1.0000  -2.8078   0.0000   0.3642
   8.000   2.0727   0.02706   0.01972  -0.2650  0.3467  1.0000  -2.9006   0.0000   0.3592
   8.500   2.1297   0.02818   0.02074  -0.2655  0.3414  1.0000  -3.0163   0.0000   0.3550
   9.000   2.1587   0.02921   0.02201  -0.2604  0.3375  1.0000  -3.0995   0.0000   0.3499
   9.500   2.1895   0.03026   0.02323  -0.2558  0.3327  1.0000  -3.1968   0.0000   0.3450
  10.000   2.2233   0.03122   0.02426  -0.2518  0.3276  1.0000  -3.3070   0.0000   0.3403
  10.500   2.2714   0.03249   0.02549  -0.2508  0.3221  1.0000  -3.4629   0.0000   0.3363
  11.000   2.2832   0.03402   0.02736  -0.2431  0.3173  1.0000  -3.5757   0.0000   0.3312
  11.500   2.3038   0.03547   0.02898  -0.2374  0.3114  1.0000  -3.7056   0.0000   0.3266
  12.000   2.3341   0.03685   0.03036  -0.2335  0.3057  1.0000  -3.8585   0.0000   0.3224
  12.500   2.3421   0.03919   0.03301  -0.2264  0.2995  1.0000  -3.9745   0.0000   0.3178
  13.000   2.3519   0.04146   0.03547  -0.2201  0.2926  1.0000  -4.0955   0.0000   0.3135
  13.500   2.3666   0.04393   0.03803  -0.2150  0.2859  1.0000  -4.2264   0.0000   0.3094
  14.000   2.3674   0.04750   0.04194  -0.2090  0.2785  1.0000  -4.3340   0.0000   0.3055
  14.500   2.3773   0.05084   0.04533  -0.2046  0.2715  1.0000  -4.4629   0.0000   0.3019
  15.000   2.3737   0.05578   0.05063  -0.1999  0.2635  1.0000  -4.5605   0.0000   0.2987
  15.500   2.3719   0.06092   0.05583  -0.1961  0.2551  1.0000  -4.6626   0.0000   0.2958
  16.000   2.3571   0.06820   0.06348  -0.1930  0.2452  1.0000  -4.7311   0.0000   0.2935
  16.500   2.3370   0.07679   0.07226  -0.1911  0.2350  1.0000  -4.7849   0.0000   0.2918
  17.000   2.3084   0.08717   0.08277  -0.1905  0.2241  1.0000  -4.8136   0.0000   0.2910


