xflr5 v6.10.03

 Calculated polar for: S1223 MOD2015 FLAP

 1 1 Reynolds number fixed          Mach number fixed         

 xtrf =   0.500 (top)        0.500 (bottom)
 Mach =   0.080     Re =     0.900 e 6     Ncrit =   9.000

  alpha     CL        CD       CDp       Cm    Top Xtr Bot Xtr   Cpmin    Chinge    XCp    
 ------- -------- --------- --------- -------- ------- ------- -------- --------- ---------
  -5.000   1.0089   0.05398   0.04884  -0.2626  0.4430  0.0228  -1.7682   0.0100   0.5143
  -4.000   1.2733   0.06311   0.05747  -0.2909  0.4068  0.0254  -1.6267   0.0120   0.4797
  -3.000   1.5058   0.07274   0.06707  -0.3120  0.3836  0.1799  -1.8648   0.0136   0.4559
  -2.000   1.6218   0.07530   0.06964  -0.3124  0.3734  0.2521  -2.0103   0.0139   0.4391
  -1.000   1.7225   0.07707   0.07131  -0.3101  0.3618  0.2799  -2.1471   0.0140   0.4242
   0.000   1.8207   0.07864   0.07291  -0.3074  0.3550  0.3007  -2.2928   0.0142   0.4108
   1.000   1.9141   0.08029   0.07453  -0.3040  0.3455  0.3294  -2.4376   0.0143   0.3986
   2.000   2.0057   0.08174   0.07605  -0.3004  0.3394  0.3637  -2.5814   0.0144   0.3873
   3.000   2.0929   0.08328   0.07769  -0.2963  0.3324  0.4036  -2.7315   0.0145   0.3768
   4.000   2.1744   0.08480   0.07923  -0.2913  0.3225  0.4447  -2.8884   0.0146   0.3669
   5.000   2.2515   0.08648   0.08113  -0.2859  0.3170  0.4869  -3.0605   0.0147   0.3575
   6.000   2.3174   0.08893   0.08369  -0.2790  0.3079  0.5000  -3.2424   0.0148   0.3485
   7.000   2.3806   0.09129   0.08622  -0.2721  0.2992  0.5000  -3.4457   0.0149   0.3398
   8.000   2.4345   0.09436   0.08935  -0.2643  0.2856  0.5000  -3.7173   0.0150   0.3315
   9.000   2.4843   0.09769   0.09293  -0.2565  0.2741  0.5000  -4.0153   0.0151   0.3234
  10.000   2.5229   0.10197   0.09739  -0.2479  0.2599  0.5000  -4.3054   0.0153   0.3156
  11.000   2.5415   0.10830   0.10379  -0.2386  0.2354  0.5000  -4.5749   0.0155   0.3082
  12.000   2.5338   0.11761   0.11315  -0.2293  0.2018  0.5000  -4.7875   0.0158   0.3015
  13.000   2.4975   0.13054   0.12620  -0.2223  0.1701  0.5000  -4.9246   0.0162   0.2964
  14.000   2.4435   0.14614   0.14202  -0.2205  0.1463  0.5000  -4.9979   0.0167   0.2937
  15.000   2.3856   0.16269   0.15885  -0.2236  0.1272  0.5000  -5.0435   0.0172   0.2932
  16.000   2.3242   0.18004   0.17643  -0.2305  0.1094  0.5000  -5.0587   0.0177   0.2945
  17.000   2.2745   0.19578   0.19232  -0.2387  0.0924  0.5000  -5.0949   0.0182   0.2961


