xflr5 v6.10.03

 Calculated polar for: S1223 MOD2015 FLAP

 1 1 Reynolds number fixed          Mach number fixed         

 xtrf =   0.500 (top)        0.500 (bottom)
 Mach =   0.000     Re =     0.680 e 6     Ncrit =   9.000

  alpha     CL        CD       CDp       Cm    Top Xtr Bot Xtr   Cpmin    Chinge    XCp    
 ------- -------- --------- --------- -------- ------- ------- -------- --------- ---------
  -5.000   0.2620   0.07771   0.07458  -0.0694  0.5000  0.0251  -1.2564  -0.0001   0.5167
  -3.000   1.4902   0.07235   0.06650  -0.3095  0.4006  0.2052  -1.8424   0.0135   0.4564
  -2.000   1.6028   0.07481   0.06882  -0.3094  0.3851  0.2645  -1.9832   0.0137   0.4395
  -1.000   1.7042   0.07646   0.07044  -0.3073  0.3761  0.2908  -2.1198   0.0138   0.4246
   0.000   1.8016   0.07811   0.07200  -0.3046  0.3651  0.3123  -2.2629   0.0140   0.4111
   1.000   1.8974   0.07965   0.07361  -0.3017  0.3577  0.3419  -2.4078   0.0142   0.3988
   2.000   1.9883   0.08121   0.07523  -0.2981  0.3502  0.3780  -2.5499   0.0143   0.3875
   3.000   2.0766   0.08241   0.07646  -0.2942  0.3414  0.4194  -2.6998   0.0144   0.3770
   4.000   2.1570   0.08404   0.07829  -0.2892  0.3347  0.4607  -2.8551   0.0145   0.3671
   5.000   2.2312   0.08567   0.08000  -0.2835  0.3258  0.5000  -3.0223   0.0146   0.3577
   6.000   2.3032   0.08756   0.08208  -0.2778  0.3180  0.5000  -3.2088   0.0147   0.3488
   7.000   2.3597   0.09061   0.08528  -0.2702  0.3088  0.5000  -3.4014   0.0148   0.3401
   8.000   2.4138   0.09357   0.08844  -0.2627  0.2984  0.5000  -3.6674   0.0149   0.3318
   9.000   2.4529   0.09800   0.09302  -0.2538  0.2845  0.5000  -3.9409   0.0151   0.3237
  10.000   2.4901   0.10250   0.09779  -0.2455  0.2722  0.5000  -4.2234   0.0152   0.3159
  11.000   2.5181   0.10782   0.10335  -0.2372  0.2568  0.5000  -4.5046   0.0154   0.3086
  12.000   2.5246   0.11555   0.11128  -0.2288  0.2368  0.5000  -4.7442   0.0156   0.3018
  13.000   2.5075   0.12610   0.12200  -0.2218  0.2080  0.5000  -4.9263   0.0160   0.2961
  14.000   2.4543   0.14141   0.13746  -0.2185  0.1769  0.5000  -5.0063   0.0164   0.2929
  15.000   2.3901   0.15865   0.15495  -0.2211  0.1515  0.5000  -5.0400   0.0170   0.2922
  16.000   2.3223   0.17682   0.17333  -0.2280  0.1302  0.5000  -5.0371   0.0176   0.2937
  17.000   2.2772   0.19175   0.18843  -0.2354  0.1117  0.5000  -5.0898   0.0180   0.2947


