xflr5 v6.10.03

 Calculated polar for: S1223 MOD2015

 1 1 Reynolds number fixed          Mach number fixed         

 xtrf =   0.500 (top)        0.500 (bottom)
 Mach =   0.080     Re =     0.800 e 6     Ncrit =   9.000

  alpha     CL        CD       CDp       Cm    Top Xtr Bot Xtr   Cpmin    Chinge    XCp    
 ------- -------- --------- --------- -------- ------- ------- -------- --------- ---------
  -5.000   0.5156   0.01594   0.01011  -0.2458  0.5000  0.0167  -3.8744   0.0000   0.7378
  -4.000   0.6901   0.01384   0.00733  -0.2606  0.4589  0.0182  -2.9896   0.0000   0.6339
  -3.000   0.8336   0.01333   0.00643  -0.2670  0.4303  0.0193  -2.2208   0.0000   0.5735
  -2.000   0.9675   0.01324   0.00605  -0.2710  0.4076  0.0199  -1.6319   0.0000   0.5309
  -1.000   1.0968   0.01334   0.00596  -0.2739  0.3915  0.0222  -1.5553   0.0000   0.4984
   0.000   1.2170   0.01377   0.00622  -0.2748  0.3776  0.0284  -1.6881   0.0000   0.4725
   1.000   1.3459   0.01399   0.00686  -0.2780  0.3682  0.2310  -1.8312   0.0000   0.4514
   2.000   1.4531   0.01483   0.00769  -0.2762  0.3585  0.2783  -1.9671   0.0000   0.4331
   3.000   1.5620   0.01549   0.00844  -0.2749  0.3518  0.3177  -2.1120   0.0000   0.4171
   4.000   1.6667   0.01652   0.00948  -0.2730  0.3431  0.3663  -2.2545   0.0000   0.4030
   5.000   1.7710   0.01746   0.01063  -0.2710  0.3375  0.4423  -2.3999   0.0000   0.3904
   6.000   1.8703   0.01847   0.01179  -0.2682  0.3304  0.5000  -2.5582   0.0000   0.3788
   7.000   1.9629   0.01998   0.01329  -0.2643  0.3218  0.5000  -2.7218   0.0000   0.3680
   8.000   2.0520   0.02116   0.01463  -0.2598  0.3156  0.5000  -2.9008   0.0000   0.3578
   9.000   2.1336   0.02290   0.01644  -0.2542  0.3062  0.5000  -3.0963   0.0000   0.3482
  10.000   2.2146   0.02451   0.01828  -0.2488  0.2983  0.5000  -3.3185   0.0000   0.3392
  11.000   2.2842   0.02684   0.02071  -0.2419  0.2866  0.5000  -3.6002   0.0000   0.3305
  12.000   2.3521   0.02923   0.02330  -0.2353  0.2732  0.5000  -3.9156   0.0000   0.3222
  13.000   2.4121   0.03242   0.02670  -0.2281  0.2594  0.5000  -4.2342   0.0000   0.3142
  14.000   2.4542   0.03722   0.03165  -0.2196  0.2406  0.5000  -4.5397   0.0000   0.3066
  15.000   2.4776   0.04414   0.03874  -0.2105  0.2154  0.5000  -4.8124   0.0000   0.2994
  16.000   2.4489   0.05768   0.05237  -0.2006  0.1816  0.5000  -4.9676   0.0000   0.2935
  17.000   2.3803   0.07943   0.07444  -0.1959  0.1556  0.5000  -5.0145   0.0000   0.2907


