xflr5 v6.10.03

 Calculated polar for: S1223 MOD2015 FLAP

 1 1 Reynolds number fixed          Mach number fixed         

 xtrf =   0.500 (top)        0.500 (bottom)
 Mach =   0.080     Re =     0.700 e 6     Ncrit =   9.000

  alpha     CL        CD       CDp       Cm    Top Xtr Bot Xtr   Cpmin    Chinge    XCp    
 ------- -------- --------- --------- -------- ------- ------- -------- --------- ---------
  -5.000   0.2936   0.06071   0.05770  -0.0628  0.4688  0.0265  -0.9880   0.0001   0.4598
  -4.000   0.3293   0.05180   0.04871  -0.0679  0.4480  0.0295  -1.0127   0.0006   0.4513
  -3.000   1.4950   0.07255   0.06674  -0.3102  0.3982  0.2022  -1.8526   0.0135   0.4562
  -2.000   1.6088   0.07505   0.06910  -0.3102  0.3827  0.2628  -1.9948   0.0138   0.4392
  -1.000   1.7105   0.07676   0.07078  -0.3080  0.3740  0.2896  -2.1329   0.0139   0.4243
   0.000   1.8089   0.07833   0.07224  -0.3053  0.3624  0.3108  -2.2772   0.0141   0.4108
   1.000   1.9043   0.08000   0.07400  -0.3022  0.3560  0.3396  -2.4232   0.0142   0.3985
   2.000   1.9956   0.08161   0.07566  -0.2986  0.3482  0.3758  -2.5665   0.0144   0.3872
   3.000   2.0840   0.08291   0.07704  -0.2946  0.3402  0.4169  -2.7174   0.0145   0.3766
   4.000   2.1650   0.08455   0.07885  -0.2896  0.3330  0.4579  -2.8745   0.0146   0.3667
   5.000   2.2419   0.08586   0.08018  -0.2841  0.3229  0.4994  -3.0453   0.0146   0.3573
   6.000   2.3112   0.08823   0.08281  -0.2778  0.3163  0.5000  -3.2304   0.0148   0.3483
   7.000   2.3672   0.09136   0.08605  -0.2700  0.3066  0.5000  -3.4233   0.0149   0.3396
   8.000   2.4225   0.09435   0.08928  -0.2625  0.2965  0.5000  -3.6923   0.0150   0.3313
   9.000   2.4620   0.09882   0.09393  -0.2536  0.2829  0.5000  -3.9689   0.0152   0.3231
  10.000   2.4962   0.10370   0.09901  -0.2450  0.2695  0.5000  -4.2484   0.0153   0.3154
  11.000   2.5230   0.10927   0.10482  -0.2367  0.2537  0.5000  -4.5292   0.0155   0.3080
  12.000   2.5303   0.11702   0.11280  -0.2285  0.2332  0.5000  -4.7726   0.0157   0.3013
  13.000   2.5034   0.12888   0.12480  -0.2216  0.2036  0.5000  -4.9326   0.0161   0.2960
  14.000   2.4476   0.14465   0.14075  -0.2194  0.1729  0.5000  -5.0034   0.0166   0.2932
  15.000   2.3813   0.16232   0.15866  -0.2229  0.1476  0.5000  -5.0263   0.0171   0.2931
  16.000   2.3199   0.17968   0.17624  -0.2298  0.1267  0.5000  -5.0386   0.0177   0.2944
  17.000   2.2708   0.19532   0.19203  -0.2380  0.1084  0.5000  -5.0759   0.0182   0.2959


