xflr5 v6.10.03

 Calculated polar for: S1223 MOD2015

 1 1 Reynolds number fixed          Mach number fixed         

 xtrf =   0.500 (top)        0.500 (bottom)
 Mach =   0.000     Re =     0.900 e 6     Ncrit =   9.000

  alpha     CL        CD       CDp       Cm    Top Xtr Bot Xtr   Cpmin    Chinge    XCp    
 ------- -------- --------- --------- -------- ------- ------- -------- --------- ---------
  -5.000   0.5461   0.01449   0.00858  -0.2529  0.4913  0.0163  -3.8227   0.0000   0.7237
  -4.000   0.7057   0.01318   0.00669  -0.2638  0.4526  0.0175  -2.9461   0.0000   0.6300
  -3.000   0.8446   0.01283   0.00599  -0.2692  0.4241  0.0183  -2.2075   0.0000   0.5720
  -2.000   0.9759   0.01281   0.00569  -0.2728  0.4015  0.0191  -1.6171   0.0000   0.5303
  -1.000   1.1011   0.01293   0.00565  -0.2749  0.3869  0.0208  -1.5544   0.0000   0.4983
   0.000   1.2207   0.01327   0.00588  -0.2758  0.3744  0.0264  -1.6868   0.0000   0.4726
   1.000   1.3483   0.01357   0.00653  -0.2788  0.3632  0.2243  -1.8281   0.0000   0.4516
   2.000   1.4567   0.01420   0.00724  -0.2774  0.3556  0.2751  -1.9651   0.0000   0.4334
   3.000   1.5640   0.01491   0.00799  -0.2759  0.3480  0.3134  -2.1084   0.0000   0.4175
   4.000   1.6681   0.01589   0.00901  -0.2739  0.3400  0.3611  -2.2494   0.0000   0.4035
   5.000   1.7718   0.01668   0.01000  -0.2720  0.3347  0.4337  -2.3942   0.0000   0.3909
   6.000   1.8699   0.01777   0.01119  -0.2691  0.3269  0.5000  -2.5504   0.0000   0.3793
   7.000   1.9631   0.01901   0.01248  -0.2654  0.3199  0.5000  -2.7141   0.0000   0.3686
   8.000   2.0526   0.02017   0.01376  -0.2612  0.3130  0.5000  -2.8928   0.0000   0.3585
   9.000   2.1348   0.02189   0.01555  -0.2559  0.3036  0.5000  -3.0881   0.0000   0.3490
  10.000   2.2178   0.02325   0.01711  -0.2510  0.2956  0.5000  -3.3135   0.0000   0.3400
  11.000   2.2914   0.02525   0.01923  -0.2448  0.2837  0.5000  -3.6046   0.0000   0.3314
  12.000   2.3576   0.02776   0.02187  -0.2380  0.2700  0.5000  -3.9163   0.0000   0.3231
  13.000   2.4170   0.03085   0.02512  -0.2307  0.2549  0.5000  -4.2321   0.0000   0.3152
  14.000   2.4651   0.03499   0.02942  -0.2228  0.2348  0.5000  -4.5499   0.0000   0.3075
  15.000   2.4776   0.04266   0.03710  -0.2122  0.2004  0.5000  -4.7982   0.0000   0.3002
  16.000   2.4470   0.05609   0.05060  -0.2016  0.1666  0.5000  -4.9480   0.0000   0.2940
  17.000   2.3964   0.07492   0.06975  -0.1963  0.1452  0.5000  -5.0408   0.0000   0.2905


