xflr5 v6.10.03

 Calculated polar for: S1223 MOD2015 FLAP

 1 1 Reynolds number fixed          Mach number fixed         

 xtrf =   0.500 (top)        0.500 (bottom)
 Mach =   0.000     Re =     0.840 e 6     Ncrit =   9.000

  alpha     CL        CD       CDp       Cm    Top Xtr Bot Xtr   Cpmin    Chinge    XCp    
 ------- -------- --------- --------- -------- ------- ------- -------- --------- ---------
  -5.000   0.9948   0.05350   0.04829  -0.2599  0.4483  0.0234  -1.7714   0.0099   0.5153
  -4.000   1.2647   0.06276   0.05710  -0.2894  0.4133  0.0263  -1.6144   0.0120   0.4800
  -3.000   1.5012   0.07264   0.06696  -0.3114  0.3897  0.1905  -1.8547   0.0136   0.4562
  -2.000   1.6143   0.07508   0.06936  -0.3114  0.3772  0.2559  -1.9964   0.0138   0.4393
  -1.000   1.7140   0.07680   0.07097  -0.3090  0.3657  0.2831  -2.1319   0.0140   0.4245
   0.000   1.8117   0.07836   0.07255  -0.3063  0.3580  0.3040  -2.2757   0.0141   0.4111
   1.000   1.9053   0.07994   0.07413  -0.3031  0.3497  0.3327  -2.4200   0.0143   0.3989
   2.000   1.9962   0.08140   0.07560  -0.2995  0.3414  0.3677  -2.5616   0.0144   0.3876
   3.000   2.0832   0.08292   0.07726  -0.2955  0.3353  0.4083  -2.7106   0.0145   0.3771
   4.000   2.1637   0.08452   0.07891  -0.2906  0.3270  0.4490  -2.8662   0.0146   0.3673
   5.000   2.2404   0.08601   0.08056  -0.2852  0.3194  0.4911  -3.0360   0.0146   0.3579
   6.000   2.3092   0.08812   0.08283  -0.2790  0.3113  0.5000  -3.2200   0.0148   0.3489
   7.000   2.3682   0.09079   0.08561  -0.2716  0.3017  0.5000  -3.4162   0.0149   0.3403
   8.000   2.4251   0.09355   0.08854  -0.2644  0.2904  0.5000  -3.6905   0.0150   0.3320
   9.000   2.4723   0.09704   0.09223  -0.2563  0.2778  0.5000  -3.9807   0.0151   0.3239
  10.000   2.5091   0.10144   0.09681  -0.2477  0.2645  0.5000  -4.2642   0.0152   0.3161
  11.000   2.5364   0.10674   0.10226  -0.2392  0.2440  0.5000  -4.5484   0.0154   0.3087
  12.000   2.5334   0.11543   0.11100  -0.2299  0.2124  0.5000  -4.7698   0.0157   0.3019
  13.000   2.4979   0.12815   0.12380  -0.2223  0.1784  0.5000  -4.9089   0.0161   0.2966
  14.000   2.4503   0.14279   0.13866  -0.2195  0.1539  0.5000  -5.0001   0.0165   0.2933
  15.000   2.3878   0.15984   0.15597  -0.2222  0.1333  0.5000  -5.0370   0.0170   0.2927
  16.000   2.3293   0.17668   0.17305  -0.2283  0.1155  0.5000  -5.0645   0.0176   0.2936
  17.000   2.2803   0.19222   0.18875  -0.2361  0.0982  0.5000  -5.1054   0.0181   0.2949


