xflr5 v6.10.03

 Calculated polar for: S1223 MOD2015

 1 1 Reynolds number fixed          Mach number fixed         

 xtrf =   0.500 (top)        0.500 (bottom)
 Mach =   0.080     Re =     0.960 e 6     Ncrit =   9.000

  alpha     CL        CD       CDp       Cm    Top Xtr Bot Xtr   Cpmin    Chinge    XCp    
 ------- -------- --------- --------- -------- ------- ------- -------- --------- ---------
  -5.000   0.5518   0.01424   0.00837  -0.2549  0.4827  0.0159  -3.8605   0.0000   0.7225
  -4.000   0.7051   0.01321   0.00677  -0.2639  0.4469  0.0169  -2.9783   0.0000   0.6305
  -3.000   0.8507   0.01268   0.00589  -0.2708  0.4188  0.0178  -2.2336   0.0000   0.5716
  -2.000   0.9822   0.01264   0.00560  -0.2742  0.3979  0.0185  -1.6305   0.0000   0.5300
  -1.000   1.1056   0.01287   0.00564  -0.2758  0.3820  0.0200  -1.5635   0.0000   0.4981
   0.000   1.2269   0.01313   0.00582  -0.2768  0.3712  0.0250  -1.6980   0.0000   0.4723
   1.000   1.3546   0.01349   0.00650  -0.2798  0.3595  0.2177  -1.8397   0.0000   0.4514
   2.000   1.4649   0.01401   0.00715  -0.2786  0.3531  0.2723  -1.9796   0.0000   0.4332
   3.000   1.5713   0.01484   0.00796  -0.2768  0.3443  0.3095  -2.1228   0.0000   0.4173
   4.000   1.6771   0.01566   0.00889  -0.2750  0.3383  0.3568  -2.2667   0.0000   0.4032
   5.000   1.7803   0.01650   0.00989  -0.2728  0.3322  0.4261  -2.4120   0.0000   0.3905
   6.000   1.8781   0.01782   0.01129  -0.2698  0.3229  0.5000  -2.5679   0.0000   0.3790
   7.000   1.9737   0.01877   0.01236  -0.2663  0.3179  0.5000  -2.7358   0.0000   0.3682
   8.000   2.0628   0.02004   0.01371  -0.2618  0.3104  0.5000  -2.9155   0.0000   0.3581
   9.000   2.1472   0.02163   0.01541  -0.2566  0.3020  0.5000  -3.1148   0.0000   0.3486
  10.000   2.2293   0.02315   0.01706  -0.2514  0.2927  0.5000  -3.3409   0.0000   0.3396
  11.000   2.3056   0.02505   0.01911  -0.2455  0.2805  0.5000  -3.6390   0.0000   0.3310
  12.000   2.3734   0.02754   0.02175  -0.2386  0.2673  0.5000  -3.9570   0.0000   0.3227
  13.000   2.4332   0.03070   0.02505  -0.2313  0.2510  0.5000  -4.2773   0.0000   0.3147
  14.000   2.4740   0.03552   0.02996  -0.2222  0.2271  0.5000  -4.5842   0.0000   0.3069
  15.000   2.4791   0.04408   0.03852  -0.2111  0.1907  0.5000  -4.8191   0.0000   0.2996
  16.000   2.4493   0.05779   0.05236  -0.2011  0.1595  0.5000  -4.9718   0.0000   0.2936
  17.000   2.3830   0.07937   0.07427  -0.1965  0.1392  0.5000  -5.0239   0.0000   0.2909


