XFLR5 v6.09.06

 Calculated polar for: S1223 MOD2015

 1 1 Reynolds number fixed          Mach number fixed         

 xtrf =   1.000 (top)        1.000 (bottom)
 Mach =   0.000     Re =     0.440 e 6     Ncrit =   9.000

  alpha     CL        CD       CDp       Cm    Top Xtr Bot Xtr   Cpmin    Chinge    XCp    
 ------- -------- --------- --------- -------- ------- ------- -------- --------- ---------
 -10.000   0.0385   0.12742   0.12487  -0.0760  0.9614  0.0185  -1.1251   0.0000   2.4134
  -9.500   0.0751   0.12020   0.11766  -0.0832  0.9578  0.0192  -1.1410   0.0000   1.4538
  -9.000   0.0956   0.11319   0.11066  -0.0884  0.9491  0.0200  -1.3221   0.0000   1.2475
  -8.500   0.1167   0.10627   0.10377  -0.0928  0.9395  0.0202  -1.4402   0.0000   1.1019
  -8.000   0.1484   0.10090   0.09843  -0.0945  0.9280  0.0206  -1.2826   0.0000   0.9287
  -7.500   0.1707   0.09581   0.09336  -0.0960  0.9112  0.0214  -1.2395   0.0000   0.8463
  -7.000   0.1895   0.09011   0.08767  -0.0981  0.8858  0.0230  -1.2999   0.0000   0.7956
  -6.500   0.2750   0.07933   0.07666  -0.1180  0.8445  0.0247  -1.3030   0.0000   0.6984
  -6.000   0.3425   0.07001   0.06638  -0.1375  0.6918  0.0277  -1.4653   0.0000   0.6669
  -5.500   0.3417   0.06913   0.06501  -0.1301  0.5972  0.0283  -1.3282   0.0000   0.6439
  -5.000   0.3401   0.06703   0.06275  -0.1254  0.5573  0.0300  -1.2877   0.0000   0.6300
  -4.500   0.3171   0.06232   0.05805  -0.1222  0.5374  0.0319  -1.5168   0.0000   0.6458
  -4.000   0.3312   0.06010   0.05574  -0.1191  0.5144  0.0328  -1.3643   0.0000   0.6178
  -3.500   0.3496   0.05134   0.04696  -0.1291  0.5008  0.0365  -1.5971   0.0000   0.6260
  -3.000   0.3788   0.04903   0.04455  -0.1289  0.4839  0.0377  -1.3985   0.0000   0.5947
  -2.500   0.8608   0.01536   0.00772  -0.2602  0.4558  0.0267  -1.8659   0.0000   0.5544
  -2.000   0.9325   0.01530   0.00745  -0.2635  0.4425  0.0283  -1.5855   0.0000   0.5335
  -1.500   1.0015   0.01526   0.00731  -0.2661  0.4320  0.0299  -1.4521   0.0000   0.5154
  -1.000   1.0669   0.01545   0.00730  -0.2678  0.4222  0.0318  -1.5201   0.0000   0.4997
  -0.500   1.1321   0.01558   0.00737  -0.2694  0.4148  0.0374  -1.5879   0.0000   0.4857
   0.000   1.2074   0.01552   0.00764  -0.2736  0.4073  0.1953  -1.6642   0.0000   0.4734
   0.500   1.2639   0.01612   0.00818  -0.2734  0.3994  0.2523  -1.7273   0.0000   0.4621
   1.000   1.3172   0.01649   0.00856  -0.2724  0.3952  0.2775  -1.7917   0.0000   0.4517
   1.500   1.3731   0.01685   0.00894  -0.2721  0.3902  0.2964  -1.8588   0.0000   0.4421
   2.000   1.4285   0.01729   0.00935  -0.2717  0.3852  0.3162  -1.9292   0.0000   0.4332
   2.500   1.4890   0.01790   0.00988  -0.2725  0.3792  0.3331  -2.0041   0.0000   0.4251
   3.000   1.5432   0.01826   0.01033  -0.2719  0.3759  0.3539  -2.0746   0.0000   0.4174
   3.500   1.5975   0.01870   0.01083  -0.2714  0.3718  0.3795  -2.1457   0.0000   0.4101
   4.000   1.6510   0.01918   0.01137  -0.2707  0.3674  0.4116  -2.2170   0.0000   0.4033
   4.500   1.7068   0.01980   0.01203  -0.2707  0.3632  0.4553  -2.2915   0.0000   0.3970
   5.000   1.7669   0.02051   0.01283  -0.2715  0.3590  0.5127  -2.3742   0.0000   0.3911
   5.500   1.8174   0.02102   0.01358  -0.2704  0.3557  0.5861  -2.4523   0.0000   0.3852
   6.000   1.8692   0.02158   0.01439  -0.2695  0.3515  0.6987  -2.5342   0.0000   0.3797
   7.000   1.9573   0.02269   0.01572  -0.2648  0.3433  1.0000  -2.6940   0.0000   0.3687
   7.500   2.0062   0.02356   0.01662  -0.2636  0.3392  1.0000  -2.7861   0.0000   0.3638
   8.000   2.0464   0.02432   0.01749  -0.2606  0.3354  1.0000  -2.8717   0.0000   0.3587
   8.500   2.0863   0.02514   0.01838  -0.2577  0.3311  1.0000  -2.9673   0.0000   0.3538
   9.000   2.1266   0.02604   0.01931  -0.2550  0.3268  1.0000  -3.0643   0.0000   0.3491
   9.500   2.1715   0.02715   0.02043  -0.2533  0.3215  1.0000  -3.1746   0.0000   0.3448
  10.000   2.2020   0.02819   0.02168  -0.2489  0.3175  1.0000  -3.2787   0.0000   0.3400
  10.500   2.2333   0.02931   0.02292  -0.2448  0.3126  1.0000  -3.4023   0.0000   0.3354
  11.000   2.2637   0.03057   0.02421  -0.2407  0.3071  1.0000  -3.5458   0.0000   0.3310
  11.500   2.2937   0.03205   0.02584  -0.2368  0.3019  1.0000  -3.6895   0.0000   0.3267
  12.000   2.3153   0.03363   0.02762  -0.2317  0.2958  1.0000  -3.8255   0.0000   0.3224
  12.500   2.3357   0.03550   0.02954  -0.2267  0.2890  1.0000  -3.9644   0.0000   0.3181
  13.000   2.3560   0.03759   0.03185  -0.2221  0.2825  1.0000  -4.1030   0.0000   0.3141
  13.500   2.3746   0.03991   0.03433  -0.2177  0.2756  1.0000  -4.2411   0.0000   0.3102
  14.000   2.3899   0.04276   0.03730  -0.2132  0.2688  1.0000  -4.3796   0.0000   0.3064
  14.500   2.4038   0.04584   0.04059  -0.2091  0.2606  1.0000  -4.5160   0.0000   0.3029
  15.000   2.4100   0.04989   0.04479  -0.2048  0.2520  1.0000  -4.6363   0.0000   0.2995
  15.500   2.4112   0.05478   0.04982  -0.2009  0.2421  1.0000  -4.7452   0.0000   0.2964
  16.000   2.4085   0.06051   0.05576  -0.1976  0.2321  1.0000  -4.8441   0.0000   0.2937
  16.500   2.3918   0.06840   0.06381  -0.1948  0.2216  1.0000  -4.9088   0.0000   0.2916
  17.000   2.3625   0.07870   0.07427  -0.1933  0.2101  1.0000  -4.9407   0.0000   0.2904


