xflr5 v6.10.03

 Calculated polar for: S1223 MOD2015 FLAP

 1 1 Reynolds number fixed          Mach number fixed         

 xtrf =   0.500 (top)        0.500 (bottom)
 Mach =   0.000     Re =     1.000 e 6     Ncrit =   9.000

  alpha     CL        CD       CDp       Cm    Top Xtr Bot Xtr   Cpmin    Chinge    XCp    
 ------- -------- --------- --------- -------- ------- ------- -------- --------- ---------
  -5.000   1.0502   0.05562   0.05048  -0.2702  0.4353  0.0220  -1.6721   0.0105   0.5113
  -4.000   1.2793   0.06321   0.05766  -0.2920  0.4031  0.0241  -1.6275   0.0121   0.4794
  -3.000   1.5053   0.07240   0.06681  -0.3121  0.3813  0.1639  -1.8599   0.0136   0.4561
  -2.000   1.6219   0.07507   0.06947  -0.3127  0.3696  0.2469  -2.0055   0.0139   0.4393
  -1.000   1.7228   0.07680   0.07116  -0.3105  0.3597  0.2755  -2.1419   0.0140   0.4245
   0.000   1.8197   0.07832   0.07267  -0.3078  0.3519  0.2965  -2.2860   0.0142   0.4111
   1.000   1.9130   0.07994   0.07426  -0.3045  0.3419  0.3259  -2.4295   0.0143   0.3989
   2.000   2.0039   0.08132   0.07574  -0.3009  0.3372  0.3589  -2.5728   0.0144   0.3877
   3.000   2.0905   0.08288   0.07736  -0.2968  0.3294  0.4001  -2.7210   0.0145   0.3773
   4.000   2.1722   0.08437   0.07892  -0.2920  0.3212  0.4406  -2.8774   0.0146   0.3674
   5.000   2.2501   0.08586   0.08060  -0.2869  0.3148  0.4827  -3.0495   0.0147   0.3581
   6.000   2.3159   0.08813   0.08291  -0.2801  0.3040  0.5000  -3.2303   0.0148   0.3491
   7.000   2.3810   0.09028   0.08527  -0.2736  0.2970  0.5000  -3.4363   0.0149   0.3405
   8.000   2.4379   0.09292   0.08799  -0.2662  0.2836  0.5000  -3.7146   0.0150   0.3322
   9.000   2.4857   0.09631   0.09152  -0.2581  0.2707  0.5000  -4.0083   0.0151   0.3241
  10.000   2.5232   0.10059   0.09594  -0.2495  0.2540  0.5000  -4.2952   0.0152   0.3163
  11.000   2.5428   0.10661   0.10198  -0.2400  0.2236  0.5000  -4.5660   0.0154   0.3088
  13.000   2.4979   0.12866   0.12417  -0.2227  0.1605  0.5000  -4.9123   0.0161   0.2967
  14.000   2.4542   0.14281   0.13855  -0.2199  0.1386  0.5000  -5.0137   0.0165   0.2933
  15.000   2.3898   0.16013   0.15612  -0.2227  0.1190  0.5000  -5.0454   0.0170   0.2929
  16.000   2.3320   0.17686   0.17309  -0.2287  0.1023  0.5000  -5.0772   0.0176   0.2936
  17.000   2.2790   0.19302   0.18941  -0.2369  0.0856  0.5000  -5.1048   0.0181   0.2952


