xflr5 v6.10.03

 Calculated polar for: S1223 MOD2015 FLAP

 1 1 Reynolds number fixed          Mach number fixed         

 xtrf =   0.500 (top)        0.500 (bottom)
 Mach =   0.000     Re =     0.900 e 6     Ncrit =   9.000

  alpha     CL        CD       CDp       Cm    Top Xtr Bot Xtr   Cpmin    Chinge    XCp    
 ------- -------- --------- --------- -------- ------- ------- -------- --------- ---------
  -5.000   1.0154   0.05425   0.04909  -0.2637  0.4440  0.0229  -1.7351   0.0101   0.5137
  -4.000   1.2746   0.06320   0.05756  -0.2912  0.4084  0.0255  -1.6229   0.0120   0.4796
  -3.000   1.5025   0.07257   0.06690  -0.3116  0.3852  0.1824  -1.8564   0.0136   0.4561
  -2.000   1.6175   0.07509   0.06943  -0.3119  0.3743  0.2528  -2.0002   0.0138   0.4393
  -1.000   1.7174   0.07683   0.07105  -0.3096  0.3622  0.2803  -2.1355   0.0140   0.4245
   0.000   1.8151   0.07837   0.07263  -0.3069  0.3557  0.3012  -2.2800   0.0142   0.4111
   1.000   1.9082   0.07999   0.07422  -0.3036  0.3465  0.3301  -2.4238   0.0143   0.3989
   2.000   1.9991   0.08142   0.07572  -0.3001  0.3399  0.3645  -2.5659   0.0144   0.3877
   3.000   2.0860   0.08291   0.07732  -0.2960  0.3331  0.4047  -2.7148   0.0145   0.3772
   4.000   2.1668   0.08442   0.07884  -0.2911  0.3232  0.4454  -2.8701   0.0146   0.3673
   5.000   2.2439   0.08600   0.08063  -0.2858  0.3176  0.4878  -3.0410   0.0147   0.3580
   6.000   2.3113   0.08822   0.08297  -0.2794  0.3089  0.5000  -3.2236   0.0148   0.3490
   7.000   2.3728   0.09066   0.08556  -0.2723  0.3000  0.5000  -3.4236   0.0149   0.3404
   8.000   2.4279   0.09354   0.08852  -0.2648  0.2869  0.5000  -3.6963   0.0150   0.3320
   9.000   2.4783   0.09670   0.09190  -0.2571  0.2753  0.5000  -3.9930   0.0151   0.3240
  10.000   2.5164   0.10093   0.09632  -0.2486  0.2613  0.5000  -4.2796   0.0152   0.3162
  11.000   2.5370   0.10693   0.10238  -0.2394  0.2365  0.5000  -4.5515   0.0154   0.3087
  12.000   2.5303   0.11602   0.11150  -0.2299  0.2026  0.5000  -4.7644   0.0157   0.3020
  13.000   2.4977   0.12839   0.12398  -0.2225  0.1714  0.5000  -4.9098   0.0161   0.2966
  14.000   2.4496   0.14310   0.13891  -0.2197  0.1476  0.5000  -4.9997   0.0165   0.2934
  15.000   2.3912   0.15960   0.15568  -0.2222  0.1282  0.5000  -5.0480   0.0170   0.2926
  16.000   2.3314   0.17661   0.17293  -0.2284  0.1102  0.5000  -5.0729   0.0176   0.2935
  17.000   2.2769   0.19300   0.18948  -0.2367  0.0931  0.5000  -5.0950   0.0181   0.2953


