XFLR5 v6.09.06

 Calculated polar for: S1223 MOD2015

 1 1 Reynolds number fixed          Mach number fixed         

 xtrf =   1.000 (top)        1.000 (bottom)
 Mach =   0.000     Re =     0.180 e 6     Ncrit =   9.000

  alpha     CL        CD       CDp       Cm    Top Xtr Bot Xtr   Cpmin    Chinge    XCp    
 ------- -------- --------- --------- -------- ------- ------- -------- --------- ---------
  -9.500  -0.0755   0.14070   0.13722  -0.0435  0.9797  0.0350  -1.1493   0.0000  -0.4060
  -9.000  -0.0460   0.13376   0.13029  -0.0536  0.9692  0.0363  -1.3083   0.0000  -1.0434
  -8.500   0.0015   0.12579   0.12233  -0.0591  0.9602  0.0378  -1.1644   0.0000  42.9125
  -8.000   0.0378   0.11873   0.11528  -0.0672  0.9493  0.0408  -1.2115   0.0000   2.1729
  -7.500   0.0749   0.11121   0.10778  -0.0739  0.9375  0.0422  -1.2157   0.0000   1.3073
  -7.000   0.1126   0.10450   0.10110  -0.0799  0.9236  0.0461  -1.1873   0.0000   1.0036
  -6.500   0.1462   0.09748   0.09411  -0.0853  0.9071  0.0487  -1.1872   0.0000   0.8653
  -6.000   0.1677   0.09201   0.08870  -0.0864  0.8785  0.0519  -1.1614   0.0000   0.7898
  -5.500   0.1759   0.08649   0.08319  -0.0910  0.8418  0.0543  -1.3032   0.0000   0.7887
  -5.000   0.2652   0.07685   0.07328  -0.1041  0.7882  0.0597  -1.1168   0.0000   0.6556
  -4.500   0.3621   0.06779   0.06339  -0.1249  0.6823  0.0658  -1.0345   0.0000   0.6042
  -4.000   0.3686   0.06299   0.05824  -0.1310  0.6274  0.0712  -1.1723   0.0000   0.6129
  -3.500   0.3962   0.06021   0.05512  -0.1275  0.5899  0.0748  -1.0558   0.0000   0.5774
  -3.000   0.4276   0.05465   0.04941  -0.1359  0.5669  0.0828  -1.0889   0.0000   0.5720
  -2.500   0.5536   0.03703   0.03132  -0.1774  0.5469  0.0646  -1.5238   0.0000   0.5730
  -2.000   0.6040   0.03819   0.03230  -0.1773  0.5271  0.0965  -1.1972   0.0000   0.5446
  -1.500   0.9967   0.01985   0.01078  -0.2652  0.4999  0.0615  -1.4290   0.0000   0.5161
  -1.000   1.0848   0.01978   0.01055  -0.2720  0.4865  0.0759  -1.5091   0.0000   0.4997
  -0.500   1.1630   0.02024   0.01127  -0.2766  0.4753  0.2621  -1.5828   0.0000   0.4858
   0.000   1.2195   0.02114   0.01206  -0.2763  0.4666  0.3041  -1.6446   0.0000   0.4735
   0.500   1.2799   0.02208   0.01293  -0.2768  0.4589  0.3382  -1.7113   0.0000   0.4624
   1.000   1.3381   0.02254   0.01335  -0.2770  0.4508  0.3590  -1.7764   0.0000   0.4522
   1.500   1.4026   0.02307   0.01373  -0.2786  0.4441  0.3753  -1.8510   0.0000   0.4429
   2.000   1.4677   0.02385   0.01443  -0.2805  0.4382  0.3939  -1.9253   0.0000   0.4345
   2.500   1.5245   0.02443   0.01510  -0.2805  0.4320  0.4158  -1.9935   0.0000   0.4265
   3.000   1.5837   0.02506   0.01571  -0.2811  0.4259  0.4434  -2.0656   0.0000   0.4190
   3.500   1.6493   0.02607   0.01667  -0.2831  0.4207  0.4816  -2.1445   0.0000   0.4123
   4.000   1.7027   0.02693   0.01777  -0.2826  0.4157  0.5280  -2.2144   0.0000   0.4057
   4.500   1.7555   0.02773   0.01883  -0.2820  0.4099  0.5910  -2.2899   0.0000   0.3994
   5.000   1.8100   0.02853   0.01984  -0.2817  0.4052  0.6882  -2.3682   0.0000   0.3934
   5.500   1.8520   0.02911   0.02062  -0.2787  0.4009  1.0000  -2.4398   0.0000   0.3873
   6.000   1.9008   0.03048   0.02207  -0.2776  0.3958  1.0000  -2.5169   0.0000   0.3819
   6.500   1.9449   0.03170   0.02342  -0.2755  0.3904  1.0000  -2.5947   0.0000   0.3765
   7.000   1.9932   0.03275   0.02449  -0.2742  0.3852  1.0000  -2.6842   0.0000   0.3714
   7.500   2.0507   0.03410   0.02570  -0.2749  0.3804  1.0000  -2.7849   0.0000   0.3668
   8.000   2.0845   0.03572   0.02762  -0.2710  0.3752  1.0000  -2.8677   0.0000   0.3618
   8.500   2.1186   0.03714   0.02925  -0.2672  0.3694  1.0000  -2.9532   0.0000   0.3568
   9.000   2.1631   0.03816   0.03031  -0.2653  0.3641  1.0000  -3.0571   0.0000   0.3523
   9.500   2.2118   0.03979   0.03194  -0.2646  0.3588  1.0000  -3.1809   0.0000   0.3481
  10.000   2.2237   0.04176   0.03433  -0.2570  0.3529  1.0000  -3.2562   0.0000   0.3430
  10.500   2.2484   0.04303   0.03577  -0.2516  0.3468  1.0000  -3.3792   0.0000   0.3382
  11.000   2.3148   0.04385   0.03641  -0.2541  0.3411  1.0000  -3.5839   0.0000   0.3348
  11.500   2.2858   0.04685   0.03997  -0.2398  0.3354  1.0000  -3.6231   0.0000   0.3289
  12.000   2.2891   0.04887   0.04224  -0.2316  0.3288  1.0000  -3.7221   0.0000   0.3240
  12.500   2.3602   0.04863   0.04177  -0.2342  0.3224  1.0000  -3.9558   0.0000   0.3208
  13.000   2.3005   0.05411   0.04792  -0.2178  0.3161  1.0000  -3.9395   0.0000   0.3151
  13.500   2.3041   0.05655   0.05055  -0.2113  0.3091  1.0000  -4.0463   0.0000   0.3108
  14.000   2.3238   0.05838   0.05246  -0.2072  0.3022  1.0000  -4.1872   0.0000   0.3069
  14.500   2.2639   0.06675   0.06136  -0.1969  0.2944  1.0000  -4.1622   0.0000   0.3034
  15.000   2.3288   0.06455   0.05894  -0.1968  0.2872  1.0000  -4.4105   0.0000   0.2995
  15.500   2.2074   0.08183   0.07702  -0.1886  0.2784  1.0000  -4.2329   0.0000   0.2989
  16.000   2.2780   0.07804   0.07300  -0.1875  0.2710  1.0000  -4.4995   0.0000   0.2944
  16.500   2.1340   0.10340   0.09910  -0.1884  0.2592  1.0000  -4.2368   0.0000   0.2986
  17.000   1.8445   0.16229   0.15853  -0.2137  0.2262  1.0000  -3.4829   0.0000   0.3251


