xflr5 v6.10.03

 Calculated polar for: S1223 MOD2015 FLAP

 1 1 Reynolds number fixed          Mach number fixed         

 xtrf =   0.500 (top)        0.500 (bottom)
 Mach =   0.000     Re =     0.200 e 6     Ncrit =   9.000

  alpha     CL        CD       CDp       Cm    Top Xtr Bot Xtr   Cpmin    Chinge    XCp    
 ------- -------- --------- --------- -------- ------- ------- -------- --------- ---------
  -5.000   0.2502   0.08331   0.07878  -0.0667  0.5000  0.0607  -1.0025  -0.0002   0.5177
  -3.000   1.3975   0.06105   0.05422  -0.2926  0.4901  0.2748  -1.7408   0.0113   0.4584
  -2.000   1.4104   0.05691   0.05013  -0.2741  0.4737  0.3035  -1.7912   0.0105   0.4413
   0.000   1.7508   0.06460   0.05719  -0.2938  0.4379  0.3825  -2.1763   0.0119   0.4106
   1.000   1.8722   0.06488   0.05731  -0.2948  0.4254  0.4116  -2.3377   0.0120   0.3982
   2.000   1.9718   0.06733   0.05998  -0.2928  0.4139  0.4496  -2.4834   0.0123   0.3870
   3.000   2.0804   0.06731   0.05991  -0.2920  0.4039  0.4907  -2.6542   0.0122   0.3768
   4.000   2.1810   0.07210   0.06504  -0.2907  0.3923  0.5000  -2.8317   0.0128   0.3674
   5.000   2.2949   0.07415   0.06712  -0.2914  0.3815  0.5000  -3.0461   0.0130   0.3587
   6.000   2.3408   0.07838   0.07183  -0.2819  0.3701  0.5000  -3.2041   0.0135   0.3497
   7.000   2.4085   0.08091   0.07458  -0.2760  0.3592  0.5000  -3.4188   0.0136   0.3414
   8.000   2.4342   0.08562   0.07971  -0.2646  0.3469  0.5000  -3.6473   0.0140   0.3327
  10.000   2.4823   0.09499   0.08979  -0.2441  0.3208  0.5000  -4.1413   0.0146   0.3166
  11.000   2.4696   0.10277   0.09800  -0.2318  0.3058  0.5000  -4.3287   0.0150   0.3089
  12.000   2.4239   0.11550   0.11137  -0.2208  0.2900  0.5000  -4.4437   0.0155   0.3025
  13.000   2.3822   0.12953   0.12591  -0.2149  0.2730  0.5000  -4.5532   0.0160   0.2979
  14.000   2.3444   0.14399   0.14078  -0.2137  0.2544  0.5000  -4.6550   0.0165   0.2950
  15.000   2.2864   0.16181   0.15900  -0.2180  0.2317  0.5000  -4.6785   0.0170   0.2950
  16.000   2.2497   0.17638   0.17377  -0.2239  0.2069  0.5000  -4.7528   0.0175   0.2951


