xflr5 v6.10.03

 Calculated polar for: S1223 MOD2015 FLAP

 1 1 Reynolds number fixed          Mach number fixed         

 xtrf =   0.500 (top)        0.500 (bottom)
 Mach =   0.000     Re =     0.620 e 6     Ncrit =   9.000

  alpha     CL        CD       CDp       Cm    Top Xtr Bot Xtr   Cpmin    Chinge    XCp    
 ------- -------- --------- --------- -------- ------- ------- -------- --------- ---------
  -4.000   1.2218   0.06088   0.05502  -0.2817  0.4324  0.0303  -1.5775   0.0115   0.4818
  -3.000   1.4877   0.07232   0.06635  -0.3091  0.4041  0.2145  -1.8389   0.0135   0.4565
  -2.000   1.5987   0.07461   0.06855  -0.3087  0.3908  0.2680  -1.9783   0.0136   0.4396
  -1.000   1.7005   0.07624   0.07009  -0.3066  0.3798  0.2948  -2.1147   0.0138   0.4246
   0.000   1.7984   0.07792   0.07174  -0.3040  0.3702  0.3161  -2.2584   0.0140   0.4111
   1.000   1.8951   0.07930   0.07312  -0.3012  0.3608  0.3465  -2.4035   0.0141   0.3987
   2.000   1.9864   0.08089   0.07481  -0.2977  0.3538  0.3827  -2.5454   0.0142   0.3874
   3.000   2.0734   0.08224   0.07617  -0.2936  0.3450  0.4243  -2.6952   0.0143   0.3769
   4.000   2.1554   0.08360   0.07772  -0.2889  0.3379  0.4665  -2.8516   0.0144   0.3670
   5.000   2.2292   0.08538   0.07967  -0.2831  0.3298  0.5000  -3.0183   0.0145   0.3576
   6.000   2.3028   0.08700   0.08138  -0.2776  0.3207  0.5000  -3.2067   0.0146   0.3488
   7.000   2.3595   0.09007   0.08468  -0.2700  0.3120  0.5000  -3.3995   0.0148   0.3401
   8.000   2.4110   0.09323   0.08800  -0.2621  0.3013  0.5000  -3.6608   0.0149   0.3317
   9.000   2.4480   0.09798   0.09296  -0.2531  0.2879  0.5000  -3.9299   0.0151   0.3236
  10.000   2.4845   0.10255   0.09783  -0.2448  0.2757  0.5000  -4.2104   0.0152   0.3159
  11.000   2.5108   0.10810   0.10364  -0.2365  0.2610  0.5000  -4.4864   0.0154   0.3085
  12.000   2.5216   0.11538   0.11116  -0.2284  0.2429  0.5000  -4.7345   0.0156   0.3017
  13.000   2.5046   0.12599   0.12196  -0.2213  0.2191  0.5000  -4.9161   0.0160   0.2961
  14.000   2.4585   0.14040   0.13656  -0.2180  0.1895  0.5000  -5.0145   0.0164   0.2925
  15.000   2.3950   0.15746   0.15385  -0.2202  0.1624  0.5000  -5.0520   0.0169   0.2917
  16.000   2.3296   0.17523   0.17184  -0.2267  0.1391  0.5000  -5.0578   0.0175   0.2929
  17.000   2.2720   0.19202   0.18874  -0.2354  0.1178  0.5000  -5.0695   0.0180   0.2949


