XFLR5 v6.09.06

 Calculated polar for: S1223 MOD2015

 1 1 Reynolds number fixed          Mach number fixed         

 xtrf =   1.000 (top)        1.000 (bottom)
 Mach =   0.080     Re =     0.340 e 6     Ncrit =   9.000

  alpha     CL        CD       CDp       Cm    Top Xtr Bot Xtr   Cpmin    Chinge    XCp    
 ------- -------- --------- --------- -------- ------- ------- -------- --------- ---------
 -10.000   0.1457   0.10539   0.10278  -0.0865  0.9371  0.0235  -0.9601   0.0000   0.8775
  -9.500   0.1640   0.09896   0.09638  -0.0889  0.9273  0.0238  -0.9974   0.0000   0.8212
  -9.000   0.1908   0.09298   0.09042  -0.0911  0.9167  0.0245  -0.9100   0.0000   0.7511
  -8.500   0.2093   0.08717   0.08463  -0.0926  0.9012  0.0258  -0.9056   0.0000   0.7125
  -8.000   0.2067   0.08058   0.07805  -0.0958  0.8820  0.0274  -1.1970   0.0000   0.7333
  -7.500   0.2566   0.07315   0.07056  -0.0997  0.8548  0.0286  -0.9737   0.0000   0.6534
  -7.000   0.3356   0.06010   0.05718  -0.1212  0.8055  0.0320  -1.0443   0.0000   0.6234
  -6.000   0.2987   0.07574   0.07273  -0.1211  0.8158  0.0324  -1.2775   0.0000   0.6718
  -5.500   0.3451   0.06902   0.06510  -0.1343  0.6699  0.0364  -1.3740   0.0000   0.6526
  -5.000   0.3471   0.06774   0.06338  -0.1270  0.5931  0.0373  -1.2402   0.0000   0.6272
  -4.500   0.3420   0.06573   0.06124  -0.1214  0.5585  0.0387  -1.2079   0.0000   0.6144
  -4.000   0.3353   0.05951   0.05500  -0.1242  0.5394  0.0416  -1.4351   0.0000   0.6287
  -3.500   0.3540   0.05728   0.05268  -0.1210  0.5178  0.0428  -1.2668   0.0000   0.5978
  -3.000   0.4706   0.03371   0.02879  -0.1710  0.5040  0.0377  -1.9581   0.0000   0.6178
  -2.500   0.4363   0.04525   0.04046  -0.1385  0.4874  0.0508  -1.2650   0.0000   0.5699
  -2.000   0.9209   0.01650   0.00840  -0.2611  0.4594  0.0335  -1.5563   0.0000   0.5345
  -1.500   0.9929   0.01645   0.00820  -0.2643  0.4475  0.0353  -1.4465   0.0000   0.5160
  -1.000   1.0652   0.01658   0.00814  -0.2675  0.4373  0.0384  -1.5184   0.0000   0.4999
  -0.500   1.1337   0.01668   0.00815  -0.2697  0.4288  0.0503  -1.5884   0.0000   0.4857
   0.000   1.2106   0.01695   0.00868  -0.2742  0.4202  0.2365  -1.6652   0.0000   0.4733
   0.500   1.2640   0.01739   0.00916  -0.2732  0.4142  0.2728  -1.7267   0.0000   0.4620
   1.000   1.3199   0.01783   0.00956  -0.2728  0.4080  0.2947  -1.7934   0.0000   0.4516
   1.500   1.3787   0.01840   0.01002  -0.2730  0.4023  0.3175  -1.8626   0.0000   0.4420
   2.000   1.4411   0.01892   0.01051  -0.2740  0.3973  0.3338  -1.9380   0.0000   0.4332
   2.500   1.4971   0.01930   0.01095  -0.2737  0.3923  0.3513  -2.0093   0.0000   0.4250
   3.000   1.5538   0.01976   0.01143  -0.2736  0.3874  0.3732  -2.0819   0.0000   0.4173
   3.500   1.6130   0.02035   0.01200  -0.2741  0.3829  0.4017  -2.1571   0.0000   0.4102
   4.000   1.6764   0.02108   0.01278  -0.2755  0.3780  0.4398  -2.2352   0.0000   0.4037
   4.500   1.7289   0.02161   0.01349  -0.2747  0.3742  0.4873  -2.3087   0.0000   0.3973
   5.000   1.7841   0.02221   0.01426  -0.2744  0.3700  0.5498  -2.3894   0.0000   0.3913
   5.500   1.8397   0.02282   0.01507  -0.2742  0.3657  0.6405  -2.4726   0.0000   0.3855
   6.000   1.8981   0.02350   0.01597  -0.2747  0.3608  0.8526  -2.5623   0.0000   0.3802
   7.000   1.9794   0.02485   0.01754  -0.2684  0.3532  1.0000  -2.7165   0.0000   0.3691
   7.500   2.0232   0.02562   0.01835  -0.2660  0.3487  1.0000  -2.8048   0.0000   0.3639
   8.000   2.0698   0.02647   0.01917  -0.2643  0.3443  1.0000  -2.9002   0.0000   0.3591
   8.500   2.1193   0.02761   0.02035  -0.2633  0.3395  1.0000  -3.0064   0.0000   0.3545
   9.000   2.1502   0.02859   0.02153  -0.2586  0.3352  1.0000  -3.0922   0.0000   0.3495
   9.500   2.1849   0.02957   0.02261  -0.2547  0.3304  1.0000  -3.1934   0.0000   0.3447
  10.000   2.2220   0.03057   0.02363  -0.2514  0.3254  1.0000  -3.3081   0.0000   0.3402
  10.500   2.2594   0.03194   0.02513  -0.2484  0.3204  1.0000  -3.4450   0.0000   0.3358
  11.000   2.2781   0.03338   0.02681  -0.2421  0.3150  1.0000  -3.5697   0.0000   0.3310
  11.500   2.3027   0.03474   0.02828  -0.2370  0.3094  1.0000  -3.7065   0.0000   0.3265
  12.000   2.3331   0.03633   0.02991  -0.2332  0.3035  1.0000  -3.8590   0.0000   0.3223
  12.500   2.3393   0.03859   0.03249  -0.2259  0.2973  1.0000  -3.9721   0.0000   0.3177
  13.000   2.3532   0.04073   0.03475  -0.2202  0.2906  1.0000  -4.1011   0.0000   0.3134
  13.500   2.3643   0.04351   0.03773  -0.2148  0.2837  1.0000  -4.2242   0.0000   0.3094
  14.000   2.3715   0.04673   0.04119  -0.2095  0.2764  1.0000  -4.3453   0.0000   0.3056
  14.500   2.3802   0.05028   0.04486  -0.2050  0.2694  1.0000  -4.4712   0.0000   0.3020
  15.000   2.3805   0.05489   0.04976  -0.2006  0.2611  1.0000  -4.5778   0.0000   0.2987
  15.500   2.3771   0.06031   0.05533  -0.1968  0.2525  1.0000  -4.6759   0.0000   0.2958
  16.000   2.3654   0.06720   0.06244  -0.1937  0.2424  1.0000  -4.7531   0.0000   0.2935
  16.500   2.3461   0.07576   0.07126  -0.1918  0.2319  1.0000  -4.8087   0.0000   0.2918
  17.000   2.3167   0.08635   0.08203  -0.1911  0.2211  1.0000  -4.8355   0.0000   0.2910


