xflr5 v6.10.03

 Calculated polar for: S1223 MOD2015 FLAP

 1 1 Reynolds number fixed          Mach number fixed         

 xtrf =   0.500 (top)        0.500 (bottom)
 Mach =   0.000     Re =     0.780 e 6     Ncrit =   9.000

  alpha     CL        CD       CDp       Cm    Top Xtr Bot Xtr   Cpmin    Chinge    XCp    
 ------- -------- --------- --------- -------- ------- ------- -------- --------- ---------
  -5.000   0.9766   0.05280   0.04757  -0.2565  0.4553  0.0240  -1.8000   0.0097   0.5167
  -4.000   1.2511   0.06214   0.05645  -0.2870  0.4181  0.0272  -1.6028   0.0118   0.4806
  -3.000   1.4980   0.07259   0.06687  -0.3108  0.3938  0.1975  -1.8510   0.0136   0.4562
  -2.000   1.6103   0.07502   0.06922  -0.3107  0.3800  0.2590  -1.9918   0.0138   0.4394
  -1.000   1.7107   0.07671   0.07084  -0.3084  0.3699  0.2860  -2.1280   0.0139   0.4245
   0.000   1.8080   0.07830   0.07238  -0.3057  0.3602  0.3069  -2.2710   0.0141   0.4111
   1.000   1.9022   0.07986   0.07398  -0.3026  0.3527  0.3354  -2.4155   0.0142   0.3989
   2.000   1.9932   0.08136   0.07546  -0.2990  0.3434  0.3712  -2.5573   0.0144   0.3876
   3.000   2.0802   0.08285   0.07711  -0.2949  0.3376  0.4120  -2.7062   0.0145   0.3771
   4.000   2.1612   0.08443   0.07879  -0.2901  0.3301  0.4529  -2.8624   0.0146   0.3672
   5.000   2.2372   0.08587   0.08034  -0.2846  0.3212  0.4947  -3.0312   0.0146   0.3578
   6.000   2.3070   0.08797   0.08263  -0.2785  0.3137  0.5000  -3.2160   0.0147   0.3489
   7.000   2.3646   0.09073   0.08546  -0.2710  0.3032  0.5000  -3.4102   0.0149   0.3402
   8.000   2.4213   0.09358   0.08855  -0.2638  0.2934  0.5000  -3.6827   0.0150   0.3319
   9.000   2.4654   0.09744   0.09259  -0.2554  0.2805  0.5000  -3.9666   0.0151   0.3238
  10.000   2.5001   0.10209   0.09741  -0.2467  0.2671  0.5000  -4.2455   0.0152   0.3160
  11.000   2.5286   0.10732   0.10284  -0.2384  0.2499  0.5000  -4.5301   0.0154   0.3086
  12.000   2.5318   0.11535   0.11099  -0.2296  0.2223  0.5000  -4.7641   0.0156   0.3018
  13.000   2.4985   0.12781   0.12354  -0.2221  0.1884  0.5000  -4.9087   0.0160   0.2965
  14.000   2.4447   0.14326   0.13917  -0.2194  0.1601  0.5000  -4.9843   0.0165   0.2935
  15.000   2.3887   0.15944   0.15563  -0.2218  0.1393  0.5000  -5.0384   0.0170   0.2926
  16.000   2.3268   0.17676   0.17317  -0.2282  0.1204  0.5000  -5.0549   0.0176   0.2936
  17.000   2.2780   0.19229   0.18888  -0.2360  0.1033  0.5000  -5.0955   0.0181   0.2949


