xflr5 v6.10.03

 Calculated polar for: S1223 MOD2015 FLAP

 1 1 Reynolds number fixed          Mach number fixed         

 xtrf =   0.500 (top)        0.500 (bottom)
 Mach =   0.080     Re =     0.220 e 6     Ncrit =   9.000

  alpha     CL        CD       CDp       Cm    Top Xtr Bot Xtr   Cpmin    Chinge    XCp    
 ------- -------- --------- --------- -------- ------- ------- -------- --------- ---------
  -5.000   0.2605   0.08327   0.07886  -0.0650  0.5000  0.0563  -0.9577  -0.0003   0.5003
  -4.000   1.0934   0.05335   0.04664  -0.2588  0.5000  0.0547  -1.4733   0.0097   0.4880
  -3.000   0.4370   0.06144   0.05702  -0.0951  0.5000  0.0789  -1.0951   0.0015   0.4650
   0.000   1.7622   0.06596   0.05858  -0.2955  0.4295  0.3746  -2.1991   0.0122   0.4103
   1.000   1.8859   0.06818   0.06084  -0.2970  0.4170  0.4076  -2.3624   0.0125   0.3980
   2.000   2.0032   0.06860   0.06115  -0.2973  0.4058  0.4484  -2.5302   0.0126   0.3868
   3.000   2.0725   0.06964   0.06256  -0.2902  0.3968  0.4793  -2.6592   0.0126   0.3763
   4.000   2.1991   0.07221   0.06507  -0.2925  0.3855  0.5000  -2.8692   0.0130   0.3670
   5.000   2.2784   0.07609   0.06935  -0.2878  0.3747  0.5000  -3.0422   0.0134   0.3579
   6.000   2.3684   0.07728   0.07056  -0.2846  0.3640  0.5000  -3.2578   0.0135   0.3493
   7.000   2.3927   0.08277   0.07666  -0.2724  0.3527  0.5000  -3.4132   0.0139   0.3404
   8.000   2.4624   0.08445   0.07844  -0.2668  0.3412  0.5000  -3.7129   0.0140   0.3323
   9.000   2.4588   0.09144   0.08601  -0.2526  0.3283  0.5000  -3.9055   0.0145   0.3237
  10.000   2.4582   0.09861   0.09367  -0.2405  0.3148  0.5000  -4.1126   0.0149   0.3158
  11.000   2.4653   0.10518   0.10054  -0.2305  0.3003  0.5000  -4.3396   0.0152   0.3083
  12.000   2.4635   0.11329   0.10896  -0.2218  0.2848  0.5000  -4.5576   0.0155   0.3015
  13.000   2.4361   0.12539   0.12150  -0.2151  0.2683  0.5000  -4.7086   0.0159   0.2961
  14.000   2.3613   0.14503   0.14180  -0.2142  0.2484  0.5000  -4.7198   0.0166   0.2944
  15.000   2.2967   0.16390   0.16110  -0.2194  0.2244  0.5000  -4.7258   0.0171   0.2950
  16.000   2.2629   0.17781   0.17517  -0.2249  0.1998  0.5000  -4.8102   0.0176   0.2948
  17.000   2.2440   0.18900   0.18639  -0.2301  0.1754  0.5000  -4.9315   0.0179   0.2939


