xflr5 v6.10.03

 Calculated polar for: S1223 MOD2015 FLAP

 1 1 Reynolds number fixed          Mach number fixed         

 xtrf =   0.500 (top)        0.500 (bottom)
 Mach =   0.080     Re =     0.580 e 6     Ncrit =   9.000

  alpha     CL        CD       CDp       Cm    Top Xtr Bot Xtr   Cpmin    Chinge    XCp    
 ------- -------- --------- --------- -------- ------- ------- -------- --------- ---------
  -5.000   0.9446   0.05168   0.04628  -0.2510  0.4763  0.0273  -1.8429   0.0093   0.5197
  -4.000   1.2033   0.05991   0.05405  -0.2784  0.4366  0.0311  -1.5671   0.0113   0.4825
  -3.000   1.4883   0.07236   0.06634  -0.3090  0.4070  0.2198  -1.8442   0.0134   0.4564
  -2.000   1.6001   0.07461   0.06848  -0.3087  0.3934  0.2696  -1.9843   0.0136   0.4394
  -1.000   1.7028   0.07620   0.06997  -0.3066  0.3816  0.2979  -2.1223   0.0138   0.4243
   0.000   1.8021   0.07794   0.07172  -0.3041  0.3724  0.3194  -2.2677   0.0140   0.4107
   1.000   1.9005   0.07916   0.07286  -0.3014  0.3622  0.3493  -2.4150   0.0141   0.3984
   2.000   1.9920   0.08086   0.07472  -0.2978  0.3556  0.3858  -2.5575   0.0142   0.3871
   3.000   2.0787   0.08237   0.07629  -0.2935  0.3476  0.4271  -2.7086   0.0144   0.3765
   4.000   2.1627   0.08351   0.07756  -0.2889  0.3394  0.4696  -2.8679   0.0144   0.3666
   5.000   2.2363   0.08542   0.07967  -0.2830  0.3314  0.5000  -3.0354   0.0146   0.3572
   6.000   2.3116   0.08693   0.08122  -0.2776  0.3217  0.5000  -3.2272   0.0147   0.3483
   7.000   2.3670   0.09023   0.08482  -0.2697  0.3132  0.5000  -3.4193   0.0148   0.3396
   8.000   2.4174   0.09353   0.08824  -0.2616  0.3023  0.5000  -3.6799   0.0150   0.3312
   9.000   2.4522   0.09868   0.09368  -0.2522  0.2896  0.5000  -3.9462   0.0151   0.3230
  10.000   2.4856   0.10369   0.09899  -0.2436  0.2767  0.5000  -4.2230   0.0153   0.3153
  11.000   2.5094   0.10967   0.10523  -0.2352  0.2622  0.5000  -4.4942   0.0155   0.3079
  12.000   2.5168   0.11752   0.11336  -0.2272  0.2441  0.5000  -4.7362   0.0157   0.3013
  13.000   2.5028   0.12789   0.12397  -0.2208  0.2228  0.5000  -4.9247   0.0161   0.2957
  14.000   2.4623   0.14167   0.13800  -0.2178  0.1961  0.5000  -5.0362   0.0165   0.2922
  15.000   2.3960   0.15920   0.15575  -0.2206  0.1694  0.5000  -5.0648   0.0170   0.2917
  17.000   2.2747   0.19357   0.19044  -0.2362  0.1225  0.5000  -5.0848   0.0181   0.2950


