xflr5 v6.10.03

 Calculated polar for: S1223 MOD2015 FLAP

 1 1 Reynolds number fixed          Mach number fixed         

 xtrf =   0.500 (top)        0.500 (bottom)
 Mach =   0.000     Re =     0.440 e 6     Ncrit =   9.000

  alpha     CL        CD       CDp       Cm    Top Xtr Bot Xtr   Cpmin    Chinge    XCp    
 ------- -------- --------- --------- -------- ------- ------- -------- --------- ---------
  -5.000   0.5575   0.04536   0.04105  -0.1733  0.5000  0.0293  -2.5195   0.0048   0.5658
  -4.000   0.4710   0.04973   0.04593  -0.1284  0.5000  0.0312  -1.9875   0.0029   0.5244
  -3.000   1.4772   0.07125   0.06495  -0.3073  0.4245  0.2455  -1.8248   0.0132   0.4568
  -2.000   1.5797   0.07280   0.06638  -0.3053  0.4091  0.2859  -1.9551   0.0133   0.4398
  -1.000   1.6859   0.07429   0.06777  -0.3039  0.3972  0.3119  -2.0948   0.0134   0.4246
   0.000   1.7923   0.07569   0.06901  -0.3025  0.3856  0.3350  -2.2452   0.0136   0.4109
   1.000   1.8927   0.07706   0.07049  -0.3003  0.3770  0.3654  -2.3923   0.0138   0.3986
   2.000   1.9857   0.07851   0.07196  -0.2970  0.3679  0.4039  -2.5350   0.0139   0.3873
   3.000   2.0807   0.07901   0.07256  -0.2940  0.3597  0.4467  -2.6939   0.0140   0.3768
   4.000   2.1550   0.08089   0.07464  -0.2881  0.3512  0.4888  -2.8428   0.0141   0.3669
   5.000   2.2446   0.08150   0.07529  -0.2847  0.3417  0.5000  -3.0278   0.0142   0.3577
   6.000   2.3041   0.08469   0.07878  -0.2772  0.3335  0.5000  -3.2001   0.0144   0.3487
   7.000   2.3749   0.08595   0.08007  -0.2715  0.3225  0.5000  -3.4133   0.0145   0.3402
   8.000   2.4134   0.09053   0.08506  -0.2619  0.3133  0.5000  -3.6562   0.0147   0.3317
   9.000   2.4509   0.09485   0.08958  -0.2529  0.3014  0.5000  -3.9247   0.0149   0.3236
  10.000   2.4685   0.10151   0.09654  -0.2426  0.2878  0.5000  -4.1691   0.0152   0.3157
  11.000   2.4869   0.10806   0.10350  -0.2338  0.2744  0.5000  -4.4235   0.0154   0.3084
  12.000   2.4925   0.11613   0.11191  -0.2257  0.2584  0.5000  -4.6568   0.0156   0.3017
  13.000   2.4805   0.12636   0.12244  -0.2193  0.2393  0.5000  -4.8464   0.0160   0.2961
  14.000   2.4488   0.13910   0.13548  -0.2160  0.2177  0.5000  -4.9774   0.0163   0.2921
  15.000   2.3975   0.15464   0.15132  -0.2173  0.1929  0.5000  -5.0486   0.0168   0.2906
  16.000   2.3375   0.17159   0.16849  -0.2231  0.1687  0.5000  -5.0710   0.0173   0.2912
  17.000   2.2828   0.18781   0.18479  -0.2311  0.1452  0.5000  -5.0956   0.0179   0.2927


